time	V(n001)	V(n002)	V(n003)	V(n004)	V(n005)	V(n006)	V(n007)
0.000000000000000e+000	0.000000e+000	0.000000e+000	0.000000e+000	0.000000e+000	0.000000e+000	0.000000e+000	0.000000e+000
1.947211361975580e-007	-1.155947e-003	-1.155766e-003	-1.223318e-003	2.643141e-003	2.643141e-003	5.057968e-008	-1.223472e-003
3.894422723951160e-007	-2.311621e-003	-2.310903e-003	-2.446323e-003	5.284845e-003	5.284845e-003	2.017964e-007	-2.446938e-003
5.841634085926740e-007	-3.467019e-003	-3.465412e-003	-3.669014e-003	7.925110e-003	7.925110e-003	4.536502e-007	-3.670398e-003
7.788845447902320e-007	-4.622144e-003	-4.619292e-003	-4.891392e-003	1.056394e-002	1.056394e-002	8.061411e-007	-4.893850e-003
9.736056809877901e-007	-5.776995e-003	-5.772543e-003	-6.113457e-003	1.320133e-002	1.320133e-002	1.259269e-006	-6.117297e-003
1.168326817185348e-006	-6.931571e-003	-6.925165e-003	-7.335208e-003	1.583728e-002	1.583728e-002	1.813034e-006	-7.340737e-003
1.363047953382906e-006	-8.085873e-003	-8.077159e-003	-8.556646e-003	1.847179e-002	1.847179e-002	2.467436e-006	-8.564170e-003
1.699904028853295e-006	-1.008207e-002	-1.006855e-002	-1.066890e-002	2.302593e-002	2.302593e-002	3.836421e-006	-1.068059e-002
2.118389676249742e-006	-1.256082e-002	-1.253987e-002	-1.329165e-002	2.867764e-002	2.867763e-002	5.955306e-006	-1.330981e-002
2.641650251375903e-006	-1.565830e-002	-1.562581e-002	-1.656893e-002	3.573493e-002	3.573492e-002	9.255801e-006	-1.659716e-002
3.292778687632845e-006	-1.950975e-002	-1.945945e-002	-2.064373e-002	4.450215e-002	4.450214e-002	1.437146e-005	-2.068755e-002
4.106209366908342e-006	-2.431653e-002	-2.423867e-002	-2.572890e-002	5.543184e-002	5.543180e-002	2.233056e-005	-2.579700e-002
5.119592621534860e-006	-3.029741e-002	-3.017707e-002	-3.205565e-002	6.901247e-002	6.901241e-002	3.467682e-005	-3.216139e-002
6.385201730405275e-006	-3.775491e-002	-3.756906e-002	-3.994356e-002	8.591732e-002	8.591720e-002	5.387108e-005	-4.010784e-002
7.963470396397325e-006	-4.703538e-002	-4.674887e-002	-4.975842e-002	1.069108e-001	1.069106e-001	8.365776e-005	-5.001352e-002
9.934949427274577e-006	-5.859650e-002	-5.815550e-002	-6.198331e-002	1.329968e-001	1.329964e-001	1.299414e-004	-6.237956e-002
1.239608191169044e-005	-7.297737e-002	-7.230027e-002	-7.718694e-002	1.653447e-001	1.653438e-001	2.017766e-004	-7.780225e-002
1.547261550911337e-005	-9.086844e-002	-8.983163e-002	-9.609720e-002	2.054375e-001	2.054357e-001	3.133451e-004	-9.705272e-002
1.931872543246726e-005	-1.130911e-001	-1.115093e-001	-1.195793e-001	2.550125e-001	2.550091e-001	4.864874e-004	-1.210628e-001
2.413357916960000e-005	-1.406671e-001	-1.382639e-001	-1.487082e-001	3.161982e-001	3.161916e-001	7.552532e-004	-1.510113e-001
3.016614126058138e-005	-1.747972e-001	-1.711662e-001	-1.847458e-001	3.914429e-001	3.914300e-001	1.172169e-003	-1.883203e-001
3.773857406624576e-005	-2.169053e-001	-2.114558e-001	-2.291864e-001	4.835818e-001	4.835568e-001	1.818797e-003	-2.347327e-001
4.726246071553593e-005	-2.686584e-001	-2.605661e-001	-2.837774e-001	5.958930e-001	5.958449e-001	2.809390e-003	-2.923445e-001
5.702808571553593e-005	-3.201942e-001	-3.090513e-001	-3.381090e-001	7.067748e-001	7.066925e-001	4.020590e-003	-3.503696e-001
6.679371071553593e-005	-3.699380e-001	-3.554519e-001	-3.905220e-001	8.128892e-001	8.127596e-001	5.430596e-003	-4.070823e-001
7.655933571553592e-005	-4.177023e-001	-3.996457e-001	-4.408218e-001	9.139568e-001	9.137648e-001	7.031151e-003	-4.622629e-001
8.632496071553592e-005	-4.633161e-001	-4.415231e-001	-4.888312e-001	1.009727e+000	1.009456e+000	8.812218e-003	-5.157036e-001
9.609058571553591e-005	-5.066164e-001	-4.809762e-001	-5.343811e-001	1.099953e+000	1.099584e+000	1.076331e-002	-5.672034e-001
1.058562107155359e-004	-5.474485e-001	-5.179002e-001	-5.773110e-001	1.184395e+000	1.183908e+000	1.287351e-002	-6.165683e-001
1.156218357155359e-004	-5.856667e-001	-5.521950e-001	-6.174696e-001	1.262824e+000	1.262197e+000	1.513148e-002	-6.636125e-001
1.253874607155359e-004	-6.211352e-001	-5.837655e-001	-6.547157e-001	1.335023e+000	1.334233e+000	1.752547e-002	-7.081591e-001
1.351530857155359e-004	-6.537280e-001	-6.125232e-001	-6.889186e-001	1.400790e+000	1.399811e+000	2.004337e-002	-7.500404e-001
1.449187107155359e-004	-6.833299e-001	-6.383867e-001	-7.199585e-001	1.459938e+000	1.458745e+000	2.267273e-002	-7.890987e-001
1.546843357155359e-004	-7.098370e-001	-6.612828e-001	-7.477275e-001	1.512299e+000	1.510866e+000	2.540079e-002	-8.251870e-001
1.644499607155359e-004	-7.331566e-001	-6.811466e-001	-7.721294e-001	1.557726e+000	1.556025e+000	2.821451e-002	-8.581694e-001
1.742155857155359e-004	-7.532079e-001	-6.979228e-001	-7.930805e-001	1.596092e+000	1.594094e+000	3.110062e-002	-8.879219e-001
1.839812107155360e-004	-7.699223e-001	-7.115656e-001	-8.105100e-001	1.627292e+000	1.624968e+000	3.404566e-002	-9.143324e-001
1.937468357155360e-004	-7.832438e-001	-7.220393e-001	-8.243599e-001	1.651244e+000	1.648565e+000	3.703602e-002	-9.373016e-001
2.132780857155360e-004	-7.995466e-001	-7.333902e-001	-8.411558e-001	1.677203e+000	1.673722e+000	4.309777e-002	-9.725836e-001
2.328093357155360e-004	-8.019230e-001	-7.319049e-001	-8.432737e-001	1.673806e+000	1.669402e+000	4.917572e-002	-9.932369e-001
2.523405857155360e-004	-7.903876e-001	-7.176909e-001	-8.307369e-001	1.641300e+000	1.635852e+000	5.516028e-002	-9.989510e-001
2.718718357155360e-004	-7.651627e-001	-6.910359e-001	-8.037875e-001	1.580342e+000	1.573732e+000	6.094395e-002	-9.896400e-001
2.914030857155360e-004	-7.266754e-001	-6.524051e-001	-7.628819e-001	1.491997e+000	1.484112e+000	6.642288e-002	-9.654438e-001
3.109343357155361e-004	-6.755508e-001	-6.024377e-001	-7.086855e-001	1.377725e+000	1.368460e+000	7.149832e-002	-9.267266e-001
3.304655857155361e-004	-6.126030e-001	-5.419375e-001	-6.420616e-001	1.239366e+000	1.228624e+000	7.607809e-002	-8.740704e-001
3.499968357155361e-004	-5.388229e-001	-4.718629e-001	-5.640593e-001	1.079112e+000	1.066806e+000	8.007789e-002	-8.082674e-001
3.695280857155361e-004	-4.553632e-001	-3.933129e-001	-4.758974e-001	8.994741e-001	8.855320e-001	8.342259e-002	-7.303073e-001
3.890593357155361e-004	-3.635212e-001	-3.075112e-001	-3.789465e-001	7.032528e-001	6.876142e-001	8.604726e-002	-6.413628e-001
3.988249607155361e-004	-3.148969e-001	-2.623032e-001	-3.276399e-001	5.998658e-001	5.833611e-001	8.707234e-002	-5.931835e-001
4.085905857155362e-004	-2.647191e-001	-2.157885e-001	-2.747083e-001	4.934906e-001	4.761107e-001	8.789820e-002	-5.427715e-001
4.183562107155362e-004	-2.131816e-001	-1.681470e-001	-2.203560e-001	3.845384e-001	3.662760e-001	8.852001e-002	-4.903167e-001
4.281218357155362e-004	-1.604832e-001	-1.195626e-001	-1.647929e-001	2.734299e-001	2.542799e-001	8.893369e-002	-4.360165e-001
4.378874607155362e-004	-1.068272e-001	-7.022276e-002	-1.082331e-001	1.605937e-001	1.405529e-001	8.913603e-002	-3.800752e-001
4.476530857155362e-004	-5.242035e-002	-2.031758e-002	-5.089478e-002	4.646472e-002	2.553215e-002	8.912458e-002	-3.227033e-001
4.574187107155362e-004	2.527878e-003	2.996070e-002	7.001378e-003	-6.851754e-002	-9.034065e-002	8.889776e-002	-2.641169e-001
4.671843357155362e-004	5.780595e-002	8.041853e-002	6.523247e-002	-1.839104e-001	-2.066207e-001	8.845478e-002	-2.045364e-001
4.769499607155362e-004	1.132012e-001	1.308618e-001	1.235744e-001	-2.992699e-001	-3.228619e-001	8.779571e-002	-1.441861e-001
4.867155857155362e-004	1.685004e-001	1.810964e-001	1.818029e-001	-4.141524e-001	-4.386183e-001	8.692143e-002	-8.329310e-002
4.964812107155362e-004	2.234911e-001	2.309292e-001	2.396938e-001	-5.281159e-001	-5.534461e-001	8.583368e-002	-2.208660e-002
5.062468357155362e-004	2.779617e-001	2.801686e-001	2.970246e-001	-6.407224e-001	-6.669047e-001	8.453498e-002	3.920303e-002
5.160124607155362e-004	3.317027e-001	3.286253e-001	3.535748e-001	-7.515388e-001	-7.785593e-001	8.302869e-002	1.003451e-001
5.355437107155362e-004	4.361733e-001	4.224489e-001	4.634674e-001	-9.661055e-001	-9.947523e-001	7.941076e-002	2.212675e-001
5.550749607155362e-004	5.352969e-001	5.109580e-001	5.676826e-001	-1.168519e+000	-1.198711e+000	7.502238e-002	3.388619e-001
5.746062107155362e-004	6.275492e-001	5.927913e-001	6.646172e-001	-1.355664e+000	-1.387308e+000	6.991793e-002	4.513595e-001
5.941374607155363e-004	7.115095e-001	6.666887e-001	7.527786e-001	-1.524662e+000	-1.557648e+000	6.416281e-002	5.570681e-001
6.136687107155363e-004	7.858829e-001	7.315102e-001	8.308071e-001	-1.672903e+000	-1.707110e+000	5.783245e-002	6.543980e-001
6.331999607155363e-004	8.495195e-001	7.862530e-001	8.974957e-001	-1.798095e+000	-1.833392e+000	5.101122e-002	7.418851e-001
6.527312107155363e-004	9.014312e-001	8.300664e-001	9.518092e-001	-1.898293e+000	-1.934539e+000	4.379109e-002	8.182136e-001
6.722624607155363e-004	9.408074e-001	8.622651e-001	9.928989e-001	-1.971929e+000	-2.008976e+000	3.627030e-002	8.822353e-001
6.917937107155363e-004	9.670265e-001	8.823386e-001	1.020116e+000	-2.017836e+000	-2.055531e+000	2.855181e-002	9.329875e-001
7.113249607155364e-004	9.796653e-001	8.899599e-001	1.033021e+000	-2.035265e+000	-2.073454e+000	2.074183e-002	9.697066e-001
7.308562107155364e-004	9.785060e-001	8.849896e-001	1.031390e+000	-2.023898e+000	-2.062424e+000	1.294812e-002	9.918405e-001
7.503874607155364e-004	9.635384e-001	8.674783e-001	1.015219e+000	-1.983851e+000	-2.022559e+000	5.278464e-003	9.990561e-001
7.601530857155364e-004	9.509305e-001	8.540872e-001	1.001739e+000	-1.953227e+000	-1.991969e+000	1.523419e-003	9.970268e-001
7.699187107155364e-004	9.349611e-001	8.376656e-001	9.847226e-001	-1.915672e+000	-1.954411e+000	-2.161041e-003	9.912450e-001
7.796843357155364e-004	9.156870e-001	8.182721e-001	9.642291e-001	-1.871321e+000	-1.910020e+000	-5.762172e-003	9.817323e-001
7.894499607155364e-004	8.931776e-001	7.959770e-001	9.403325e-001	-1.820334e+000	-1.858958e+000	-9.267531e-003	9.685246e-001
7.992155857155364e-004	8.675144e-001	7.708614e-001	9.131195e-001	-1.762896e+000	-1.801410e+000	-1.266503e-002	9.516717e-001
8.089812107155365e-004	8.387910e-001	7.430171e-001	8.826892e-001	-1.699219e+000	-1.737590e+000	-1.594295e-002	9.312368e-001
8.187468357155365e-004	8.071122e-001	7.125461e-001	8.491528e-001	-1.629534e+000	-1.667730e+000	-1.909005e-002	9.072970e-001
8.285124607155365e-004	7.725942e-001	6.795604e-001	8.126334e-001	-1.554098e+000	-1.592088e+000	-2.209553e-002	8.799423e-001
8.382780857155365e-004	7.353640e-001	6.441814e-001	7.732652e-001	-1.473190e+000	-1.510944e+000	-2.494914e-002	8.492757e-001
8.480437107155365e-004	6.955586e-001	6.065397e-001	7.311931e-001	-1.387106e+000	-1.424598e+000	-2.764116e-002	8.154126e-001
8.578093357155365e-004	6.533250e-001	5.667744e-001	6.865726e-001	-1.296166e+000	-1.333369e+000	-3.016250e-002	7.784805e-001
8.675749607155365e-004	6.088191e-001	5.250325e-001	6.395682e-001	-1.200706e+000	-1.237595e+000	-3.250467e-002	7.386184e-001
8.773405857155365e-004	5.622056e-001	4.814686e-001	5.903541e-001	-1.101079e+000	-1.137632e+000	-3.465987e-002	6.959763e-001
8.871062107155365e-004	5.136569e-001	4.362442e-001	5.391122e-001	-9.976544e-001	-1.033851e+000	-3.662097e-002	6.507146e-001
8.968718357155365e-004	4.633532e-001	3.895269e-001	4.860326e-001	-8.908157e-001	-9.266368e-001	-3.838157e-002	6.030039e-001
9.066374607155365e-004	4.114807e-001	3.414901e-001	4.313121e-001	-7.809596e-001	-8.163888e-001	-3.993601e-002	5.530235e-001
9.164030857155365e-004	3.582321e-001	2.923122e-001	3.751537e-001	-6.684937e-001	-7.035167e-001	-4.127940e-002	5.009617e-001
9.261687107155366e-004	3.038051e-001	2.421758e-001	3.177659e-001	-5.538361e-001	-5.884404e-001	-4.240762e-002	4.470145e-001
9.359343357155366e-004	2.484017e-001	1.912674e-001	2.593618e-001	-4.374126e-001	-4.715881e-001	-4.331737e-002	3.913847e-001
9.456999607155366e-004	1.922279e-001	1.397761e-001	2.001585e-001	-3.196563e-001	-3.533949e-001	-4.400615e-002	3.342819e-001
9.554655857155366e-004	1.354923e-001	8.789336e-002	1.403759e-001	-2.010048e-001	-2.343009e-001	-4.447227e-002	2.759208e-001
9.652312107155366e-004	7.840598e-002	3.581226e-002	8.023643e-002	-8.189968e-002	-1.147496e-001	-4.471489e-002	2.165213e-001
9.749968357155366e-004	2.118119e-002	-1.627349e-002	1.996361e-002	3.721613e-002	4.813668e-003	-4.473399e-002	1.563069e-001
9.847624607155366e-004	-3.596926e-002	-6.817012e-002	-4.021838e-002	1.558994e-001	1.239435e-001	-4.453037e-002	9.550413e-002
9.945280857155366e-004	-9.283277e-002	-1.196845e-001	-1.000857e-001	2.737085e-001	2.421960e-001	-4.410567e-002	3.434194e-002
1.004293710715537e-003	-1.491978e-001	-1.706249e-001	-1.594156e-001	3.902051e-001	3.591306e-001	-4.346235e-002	-2.694952e-002
1.014059335715537e-003	-2.048547e-001	-2.208018e-001	-2.179874e-001	5.049555e-001	4.743116e-001	-4.260370e-002	-8.813956e-002
1.023824960715537e-003	-2.595964e-001	-2.700286e-001	-2.755831e-001	6.175330e-001	5.873099e-001	-4.153378e-002	-1.489978e-001
1.033590585715537e-003	-3.132193e-001	-3.181219e-001	-3.319887e-001	7.275185e-001	6.977046e-001	-4.025745e-002	-2.092953e-001
1.043356210715537e-003	-3.655240e-001	-3.649030e-001	-3.869943e-001	8.345029e-001	8.050843e-001	-3.878033e-002	-2.688051e-001
1.053121835715537e-003	-4.163158e-001	-4.101977e-001	-4.403953e-001	9.380883e-001	9.090494e-001	-3.710881e-002	-3.273031e-001
1.062887460715537e-003	-4.654060e-001	-4.538378e-001	-4.919931e-001	1.037889e+000	1.009212e+000	-3.524998e-002	-3.845693e-001
1.072653085715537e-003	-5.126122e-001	-4.956609e-001	-5.415961e-001	1.133535e+000	1.105201e+000	-3.321162e-002	-4.403880e-001
1.082418710715537e-003	-5.577588e-001	-5.355116e-001	-5.890200e-001	1.224671e+000	1.196657e+000	-3.100220e-002	-4.945492e-001
1.092184335715537e-003	-6.006783e-001	-5.732419e-001	-6.340884e-001	1.310957e+000	1.283242e+000	-2.863081e-002	-5.468490e-001
1.101949960715537e-003	-6.412112e-001	-6.087118e-001	-6.766343e-001	1.392074e+000	1.364632e+000	-2.610714e-002	-5.970905e-001
1.111715585715537e-003	-6.792073e-001	-6.417897e-001	-7.164997e-001	1.467720e+000	1.440527e+000	-2.344145e-002	-6.450849e-001
1.121481210715537e-003	-7.145257e-001	-6.723529e-001	-7.535370e-001	1.537616e+000	1.510643e+000	-2.064451e-002	-6.906512e-001
1.131246835715537e-003	-7.470356e-001	-7.002884e-001	-7.876089e-001	1.601502e+000	1.574721e+000	-1.772761e-002	-7.336181e-001
1.141012460715537e-003	-7.766168e-001	-7.254929e-001	-8.185895e-001	1.659142e+000	1.632524e+000	-1.470245e-002	-7.738237e-001
1.150778085715537e-003	-8.031600e-001	-7.478733e-001	-8.463644e-001	1.710325e+000	1.683837e+000	-1.158114e-002	-8.111169e-001
1.160543710715537e-003	-8.265674e-001	-7.673473e-001	-8.708311e-001	1.754860e+000	1.728472e+000	-8.376144e-003	-8.453573e-001
1.170309335715537e-003	-8.467528e-001	-7.838432e-001	-8.918999e-001	1.792585e+000	1.766265e+000	-5.100234e-003	-8.764160e-001
1.180074960715537e-003	-8.636425e-001	-7.973009e-001	-9.094934e-001	1.823361e+000	1.797076e+000	-1.766438e-003	-9.041759e-001
1.189840585715537e-003	-8.771747e-001	-8.076714e-001	-9.235477e-001	1.847078e+000	1.820793e+000	1.612005e-003	-9.285328e-001
1.199606210715537e-003	-8.873007e-001	-8.149174e-001	-9.340119e-001	1.863649e+000	1.837331e+000	5.021696e-003	-9.493948e-001
1.209371835715537e-003	-8.939841e-001	-8.190135e-001	-9.408486e-001	1.873016e+000	1.846631e+000	8.449126e-003	-9.666836e-001
1.219137460715537e-003	-8.972017e-001	-8.199457e-001	-9.440341e-001	1.875148e+000	1.848661e+000	1.188073e-002	-9.803340e-001
1.228903085715537e-003	-8.969433e-001	-8.177124e-001	-9.435585e-001	1.870041e+000	1.843418e+000	1.530293e-002	-9.902946e-001
1.238668710715537e-003	-8.932119e-001	-8.123235e-001	-9.394255e-001	1.857717e+000	1.830924e+000	1.870219e-002	-9.965280e-001
1.248434335715537e-003	-8.860233e-001	-8.038010e-001	-9.316528e-001	1.838226e+000	1.811229e+000	2.206508e-002	-9.990107e-001
1.258199960715537e-003	-8.754063e-001	-7.921786e-001	-9.202713e-001	1.811647e+000	1.784413e+000	2.537830e-002	-9.977334e-001
1.277731210715537e-003	-8.440674e-001	-7.598269e-001	-8.868750e-001	1.737661e+000	1.709854e+000	3.180359e-002	-9.839318e-001
1.297262460715537e-003	-7.996807e-001	-7.157674e-001	-8.397539e-001	1.636901e+000	1.608397e+000	3.787646e-002	-9.553311e-001
1.316793710715537e-003	-7.429278e-001	-6.606753e-001	-7.796315e-001	1.510910e+000	1.481591e+000	4.350076e-002	-9.123612e-001
1.336324960715537e-003	-6.746761e-001	-5.953910e-001	-7.074264e-001	1.361610e+000	1.331369e+000	4.858716e-002	-8.556686e-001
1.355856210715537e-003	-5.959651e-001	-5.209082e-001	-6.242387e-001	1.191274e+000	1.160015e+000	5.305456e-002	-7.861059e-001
1.375387460715537e-003	-5.079919e-001	-4.383585e-001	-5.313333e-001	1.002490e+000	9.701306e-001	5.683126e-002	-7.047195e-001
1.394918710715537e-003	-4.120924e-001	-3.489949e-001	-4.301209e-001	7.981224e-001	7.645948e-001	5.985607e-002	-6.127335e-001
1.414449960715537e-003	-3.097214e-001	-2.541721e-001	-3.221371e-001	5.812705e-001	5.465219e-001	6.207920e-002	-5.115313e-001
1.433981210715537e-003	-2.024306e-001	-1.553270e-001	-2.090187e-001	3.552201e-001	3.192144e-001	6.346302e-002	-4.026353e-001
1.453512460715537e-003	-9.184573e-002	-5.395682e-002	-9.247959e-002	1.233949e-001	8.611302e-002	6.398261e-002	-2.876832e-001
1.463278085715537e-003	-3.584013e-002	-2.803575e-003	-3.347756e-002	6.411633e-003	-3.151000e-002	6.391412e-002	-2.284736e-001
1.482809335715537e-003	7.653715e-002	9.947107e-002	8.487444e-002	-2.274820e-001	-2.666757e-001	6.311938e-002	-1.077008e-001
1.502340585715537e-003	1.879843e-001	2.004136e-001	2.021968e-001	-4.583293e-001	-4.987704e-001	6.145578e-002	1.469197e-002
1.512106210715537e-003	2.428306e-001	2.499065e-001	2.599155e-001	-5.715154e-001	-6.125656e-001	6.030428e-002	7.592073e-002
1.521871835715537e-003	2.968142e-001	2.984962e-001	3.167135e-001	-6.826362e-001	-7.242829e-001	5.894456e-002	1.368637e-001
1.541403085715537e-003	4.013793e-001	3.922345e-001	4.266908e-001	-8.970077e-001	-9.398016e-001	5.561982e-002	2.569770e-001
1.560934335715537e-003	5.000966e-001	4.802092e-001	5.304636e-001	-1.098199e+000	-1.142066e+000	5.152798e-002	3.732250e-001
1.580465585715537e-003	5.914711e-001	5.610884e-001	6.264604e-001	-1.283163e+000	-1.328013e+000	4.672706e-002	4.838594e-001
1.599996835715537e-003	6.741186e-001	6.336470e-001	7.132269e-001	-1.449098e+000	-1.494830e+000	4.128587e-002	5.872161e-001
1.619528085715537e-003	7.467864e-001	6.967851e-001	7.894480e-001	-1.593490e+000	-1.639988e+000	3.528289e-002	6.817405e-001
1.639059335715537e-003	8.083720e-001	7.495448e-001	8.539671e-001	-1.714147e+000	-1.761287e+000	2.880515e-002	7.660109e-001
1.658590585715537e-003	8.579400e-001	7.911245e-001	9.058042e-001	-1.809236e+000	-1.856885e+000	2.194690e-002	8.387598e-001
1.678121835715537e-003	8.947359e-001	8.208910e-001	9.441702e-001	-1.877310e+000	-1.925326e+000	1.480818e-002	8.988930e-001
1.697653085715537e-003	9.181974e-001	8.383890e-001	9.684787e-001	-1.917326e+000	-1.965566e+000	7.493319e-003	9.455060e-001
1.717184335715537e-003	9.279632e-001	8.433477e-001	9.783550e-001	-1.928666e+000	-1.976982e+000	1.093850e-004	9.778976e-001
1.726949960715537e-003	9.276536e-001	8.410918e-001	9.778234e-001	-1.923507e+000	-1.971806e+000	-3.574682e-003	9.885997e-001
1.736715585715537e-003	9.238780e-001	8.356853e-001	9.736419e-001	-1.911143e+000	-1.959388e+000	-7.235459e-003	9.955809e-001
1.756246835715537e-003	9.059951e-001	8.155098e-001	9.544016e-001	-1.865003e+000	-1.913031e+000	-1.443356e-002	9.982896e-001
1.775778085715537e-003	8.745757e-001	7.831179e-001	9.209151e-001	-1.790926e+000	-1.838595e+000	-2.137942e-002	9.859831e-001
1.785543710715537e-003	8.539271e-001	7.624839e-001	8.989761e-001	-1.743738e+000	-1.791176e+000	-2.472576e-002	9.742483e-001
1.795309335715537e-003	8.300844e-001	7.389899e-001	8.736778e-001	-1.690009e+000	-1.737183e+000	-2.797125e-002	9.588466e-001
1.805074960715537e-003	8.031362e-001	7.127236e-001	8.451145e-001	-1.629940e+000	-1.676819e+000	-3.110399e-002	9.398360e-001
1.824606210715537e-003	7.403367e-001	6.522763e-001	7.786303e-001	-1.491702e+000	-1.537899e+000	-3.698584e-002	8.912877e-001
1.844137460715537e-003	6.664658e-001	5.820447e-001	7.005159e-001	-1.331088e+000	-1.376491e+000	-4.228538e-002	8.293335e-001
1.863668710715537e-003	5.826277e-001	5.030789e-001	6.119386e-001	-1.150500e+000	-1.195010e+000	-4.692535e-002	7.549055e-001
1.883199960715537e-003	4.900764e-001	4.165606e-001	5.142235e-001	-9.526398e-001	-9.961706e-001	-5.083840e-002	6.691229e-001
1.902731210715537e-003	3.901971e-001	3.237853e-001	4.088329e-001	-7.404702e-001	-7.829515e-001	-5.396800e-002	5.732762e-001
1.922262460715537e-003	2.844856e-001	2.261426e-001	2.973453e-001	-5.171694e-001	-5.585467e-001	-5.626940e-002	4.688068e-001
1.941793710715538e-003	1.745254e-001	1.250955e-001	1.814306e-001	-2.860830e-001	-3.263189e-001	-5.771020e-002	3.572861e-001
1.961324960715538e-003	6.196405e-002	2.215832e-002	6.282564e-002	-5.067426e-002	-8.974864e-002	-5.827093e-002	2.403915e-001
1.971090585715537e-003	5.234302e-003	-2.953733e-002	3.068912e-003	6.754941e-002	2.905776e-002	-5.821878e-002	1.804760e-001
1.990621835715537e-003	-1.080603e-001	-1.324139e-001	-1.162333e-001	3.028197e-001	2.654864e-001	-5.745173e-002	5.883524e-002
2.010153085715536e-003	-2.197208e-001	-2.333205e-001	-2.337646e-001	5.335847e-001	4.973856e-001	-5.581373e-002	-6.369048e-002
2.029684335715536e-003	-3.280732e-001	-3.307443e-001	-3.477632e-001	7.563848e-001	7.212788e-001	-5.333141e-002	-1.852582e-001
2.039449960715536e-003	-3.804988e-001	-3.776911e-001	-4.029011e-001	8.637483e-001	8.291681e-001	-5.178543e-002	-2.451101e-001
2.058981210715535e-003	-4.808663e-001	-4.671747e-001	-5.084205e-001	1.068390e+000	1.034810e+000	-4.811411e-002	-3.618245e-001
2.078512460715535e-003	-5.740117e-001	-5.496702e-001	-6.062908e-001	1.257050e+000	1.224390e+000	-4.371908e-002	-4.730968e-001
2.098043710715535e-003	-6.585394e-001	-6.239413e-001	-6.950455e-001	1.426902e+000	1.395067e+000	-3.866827e-002	-5.772532e-001
2.117574960715534e-003	-7.331831e-001	-6.888754e-001	-7.733549e-001	1.575401e+000	1.544284e+000	-3.303947e-002	-6.727272e-001
2.137106210715534e-003	-7.968251e-001	-7.435001e-001	-8.400469e-001	1.700323e+000	1.669807e+000	-2.691906e-002	-7.580827e-001
2.156637460715533e-003	-8.485129e-001	-7.869981e-001	-8.941231e-001	1.799800e+000	1.769757e+000	-2.040080e-002	-8.320361e-001
2.176168710715533e-003	-8.874741e-001	-8.187193e-001	-9.347754e-001	1.872343e+000	1.842641e+000	-1.358440e-002	-8.934748e-001
2.195699960715533e-003	-9.131271e-001	-8.381906e-001	-9.613973e-001	1.916873e+000	1.887372e+000	-6.574004e-003	-9.414747e-001
2.215231210715532e-003	-9.250907e-001	-8.451229e-001	-9.735931e-001	1.932726e+000	1.903286e+000	5.233736e-004	-9.753140e-001
2.234762460715532e-003	-9.231892e-001	-8.394160e-001	-9.711841e-001	1.919675e+000	1.890154e+000	7.599443e-003	-9.944838e-001
2.254293710715531e-003	-9.074557e-001	-8.211594e-001	-9.542110e-001	1.877924e+000	1.848181e+000	1.454627e-002	-9.986955e-001
2.273824960715531e-003	-8.781310e-001	-7.906312e-001	-9.229336e-001	1.808108e+000	1.778007e+000	2.125792e-002	-9.878860e-001
2.283590585715531e-003	-8.585032e-001	-7.709029e-001	-9.020709e-001	1.762991e+000	1.732661e+000	2.449337e-002	-9.768902e-001
2.303121835715530e-003	-8.096883e-001	-7.228908e-001	-8.502926e-001	1.653192e+000	1.622309e+000	3.066183e-002	-9.439235e-001
2.322653085715530e-003	-7.487627e-001	-6.640939e-001	-7.857835e-001	1.518728e+000	1.487174e+000	3.634923e-002	-8.967594e-001
2.342184335715529e-003	-6.766466e-001	-5.953998e-001	-7.095182e-001	1.361630e+000	1.329297e+000	4.146867e-002	-8.361071e-001
2.361715585715529e-003	-5.944283e-001	-5.178450e-001	-6.226475e-001	1.184269e+000	1.151060e+000	4.594187e-002	-7.628791e-001
2.381246835715529e-003	-5.033481e-001	-4.325991e-001	-5.264820e-001	9.893184e-001	9.551519e-001	4.970027e-002	-6.781766e-001
2.400778085715528e-003	-4.047796e-001	-3.409473e-001	-4.224718e-001	7.797183e-001	7.445264e-001	5.268612e-002	-5.832738e-001
2.420309335715528e-003	-3.002085e-001	-2.442711e-001	-3.121850e-001	5.586278e-001	5.223591e-001	5.485329e-002	-4.795979e-001
2.439840585715527e-003	-1.912113e-001	-1.440275e-001	-1.972840e-001	3.293790e-001	2.919984e-001	5.616803e-002	-3.687084e-001
2.459371835715527e-003	-7.943048e-002	-4.172701e-002	-7.950036e-002	9.542631e-002	5.691626e-002	5.660943e-002	-2.522732e-001
2.469137460715527e-003	-2.302169e-002	9.713422e-003	-2.008130e-002	-2.221371e-002	-6.128957e-002	5.649968e-002	-1.925207e-001
2.488668710715526e-003	8.976995e-002	1.122057e-001	9.869190e-002	-2.566051e-001	-2.968037e-001	5.562067e-002	-7.106952e-002
2.508199960715526e-003	2.011112e-001	2.128942e-001	2.158877e-001	-4.868712e-001	-5.281665e-001	5.387383e-002	5.145063e-002
2.527731210715525e-003	3.093244e-001	3.102618e-001	3.297401e-001	-7.095430e-001	-7.518914e-001	5.128439e-002	1.731969e-001
2.547262460715525e-003	4.127790e-001	4.028417e-001	4.385337e-001	-9.212656e-001	-9.646072e-001	4.789029e-002	2.923381e-001
2.566793710715525e-003	5.099161e-001	4.892389e-001	5.406291e-001	-1.118849e+000	-1.163108e+000	4.374160e-002	4.070823e-001
2.586324960715524e-003	5.992721e-001	5.681517e-001	6.344879e-001	-1.299316e+000	-1.344403e+000	3.889976e-002	5.157036e-001
2.605856210715524e-003	6.795003e-001	6.383907e-001	7.186954e-001	-1.459947e+000	-1.505758e+000	3.343666e-002	6.165683e-001
2.625387460715523e-003	7.493914e-001	6.988974e-001	7.919824e-001	-1.598321e+000	-1.644742e+000	2.743358e-002	7.081591e-001
2.644918710715523e-003	8.078917e-001	7.487596e-001	8.532438e-001	-1.712351e+000	-1.759257e+000	2.097992e-002	7.890987e-001
2.664449960715523e-003	8.541187e-001	7.872251e-001	9.015557e-001	-1.800319e+000	-1.847576e+000	1.417189e-002	8.581694e-001
2.683981210715522e-003	8.873749e-001	8.137134e-001	9.361889e-001	-1.860895e+000	-1.908366e+000	7.111072e-003	9.143324e-001
2.693746835715522e-003	8.989741e-001	8.223338e-001	9.482042e-001	-1.880609e+000	-1.928133e+000	3.518690e-003	9.373016e-001
2.703512460715522e-003	9.071578e-001	8.278242e-001	9.566200e-001	-1.893165e+000	-1.940707e+000	-9.715687e-005	9.567431e-001
2.723043710715521e-003	9.131675e-001	8.293432e-001	9.625393e-001	-1.896639e+000	-1.944106e+000	-7.345161e-003	9.847634e-001
2.742574960715521e-003	9.053116e-001	8.182458e-001	9.538554e-001	-1.871260e+000	-1.918508e+000	-1.452469e-002	9.979720e-001
2.752340585715521e-003	8.962121e-001	8.080102e-001	9.440689e-001	-1.847852e+000	-1.894937e+000	-1.805518e-002	9.989510e-001
2.762106210715520e-003	8.837060e-001	7.946972e-001	9.306968e-001	-1.817407e+000	-1.864293e+000	-2.152850e-002	9.961702e-001
2.771871835715520e-003	8.678400e-001	7.783566e-001	9.137893e-001	-1.780037e+000	-1.826691e+000	-2.493167e-002	9.896400e-001
2.791403085715520e-003	8.262788e-001	7.368490e-001	8.696342e-001	-1.685113e+000	-1.731202e+000	-3.147699e-002	9.654438e-001
2.810934335715519e-003	7.721516e-001	6.841101e-001	8.122658e-001	-1.564503e+000	-1.609901e+000	-3.759338e-002	9.267266e-001
2.830465585715519e-003	7.062708e-001	6.209317e-001	7.425448e-001	-1.420019e+000	-1.464608e+000	-4.318951e-002	8.740704e-001
2.849996835715519e-003	6.296253e-001	5.482623e-001	6.615180e-001	-1.253831e+000	-1.297505e+000	-4.818188e-002	8.082674e-001
2.869528085715518e-003	5.433661e-001	4.671935e-001	5.704021e-001	-1.068433e+000	-1.111099e+000	-5.249601e-002	7.303073e-001
2.889059335715518e-003	4.487891e-001	3.789432e-001	4.705659e-001	-8.666117e-001	-9.081906e-001	-5.606765e-002	6.413628e-001
2.908590585715517e-003	3.473149e-001	2.848372e-001	3.635089e-001	-6.513993e-001	-6.918274e-001	-5.884366e-002	5.427715e-001
2.928121835715517e-003	2.404682e-001	1.862898e-001	2.508399e-001	-4.260294e-001	-4.652597e-001	-6.078288e-002	4.360165e-001
2.947653085715516e-003	1.298545e-001	8.478176e-002	1.342517e-001	-1.938889e-001	-2.318911e-001	-6.185669e-002	3.227033e-001
2.967184335715516e-003	1.713609e-002	-1.816141e-002	1.549621e-002	4.153361e-002	4.772159e-003	-6.204949e-002	2.045364e-001
2.986715585715516e-003	-9.599325e-002	-1.209926e-001	-1.036419e-001	2.767000e-001	2.411743e-001	-6.135892e-002	8.329310e-002
3.006246835715515e-003	-2.078333e-001	-2.221663e-001	-2.213723e-001	5.080759e-001	4.737634e-001	-5.979586e-002	-3.920303e-002
3.025778085715515e-003	-3.167034e-001	-3.201619e-001	-3.359257e-001	7.321838e-001	6.990447e-001	-5.738433e-002	-1.611095e-001
3.045309335715514e-003	-4.209673e-001	-4.135067e-001	-4.455805e-001	9.456556e-001	9.136335e-001	-5.416108e-002	-2.805927e-001
3.064840585715514e-003	-5.190581e-001	-5.007977e-001	-5.486888e-001	1.145283e+000	1.114306e+000	-5.017505e-002	-3.958556e-001
3.084371835715514e-003	-6.095017e-001	-5.807230e-001	-6.437013e-001	1.328066e+000	1.298046e+000	-4.548666e-002	-5.051644e-001
3.103903085715513e-003	-6.909390e-001	-6.520815e-001	-7.291900e-001	1.491257e+000	1.462095e+000	-4.016685e-002	-6.068751e-001
3.123434335715513e-003	-7.621462e-001	-7.138009e-001	-8.038704e-001	1.632404e+000	1.603988e+000	-3.429607e-002	-6.994579e-001
3.142965585715512e-003	-8.220536e-001	-7.649539e-001	-8.666207e-001	1.749386e+000	1.721593e+000	-2.796302e-002	-7.815201e-001
3.162496835715512e-003	-8.697609e-001	-8.047718e-001	-9.164981e-001	1.840446e+000	1.813147e+000	-2.126337e-002	-8.518275e-001
3.182028085715512e-003	-9.045520e-001	-8.326566e-001	-9.527534e-001	1.904217e+000	1.877273e+000	-1.429825e-002	-9.093226e-001
3.201559335715511e-003	-9.259044e-001	-8.481899e-001	-9.748427e-001	1.939740e+000	1.913011e+000	-7.172806e-003	-9.531407e-001
3.221090585715511e-003	-9.334980e-001	-8.511388e-001	-9.824346e-001	1.946484e+000	1.919827e+000	5.433597e-006	-9.826227e-001
3.230856210715510e-003	-9.320917e-001	-8.478732e-001	-9.807501e-001	1.939016e+000	1.912341e+000	3.580490e-003	-9.918405e-001
3.240621835715510e-003	-9.272195e-001	-8.414598e-001	-9.754161e-001	1.924349e+000	1.897620e+000	7.128157e-003	-9.973251e-001
3.250387460715510e-003	-9.189000e-001	-8.319231e-001	-9.664527e-001	1.902539e+000	1.875722e+000	1.063504e-002	-9.990561e-001
3.269918710715510e-003	-8.920571e-001	-8.036352e-001	-9.377866e-001	1.837847e+000	1.810748e+000	1.747370e-002	-9.912450e-001
3.289449960715509e-003	-8.519678e-001	-7.634357e-001	-8.951841e-001	1.745914e+000	1.718400e+000	2.399329e-002	-9.685246e-001
3.299215585715509e-003	-8.271368e-001	-7.390515e-001	-8.688493e-001	1.690150e+000	1.662380e+000	2.710246e-002	-9.516717e-001
3.308981210715509e-003	-7.992358e-001	-7.119299e-001	-8.392868e-001	1.628125e+000	1.600069e+000	3.009544e-002	-9.312368e-001
3.318746835715509e-003	-7.683697e-001	-6.821730e-001	-8.066082e-001	1.560073e+000	1.531702e+000	3.296093e-002	-9.072970e-001
3.338278085715508e-003	-6.982186e-001	-6.152114e-001	-7.324059e-001	1.406938e+000	1.377853e+000	3.826663e-002	-8.492757e-001
3.357809335715508e-003	-6.177393e-001	-5.391744e-001	-6.473594e-001	1.233047e+000	1.203149e+000	4.293951e-002	-7.784805e-001
3.377340585715507e-003	-5.281430e-001	-4.552064e-001	-5.527486e-001	1.041019e+000	1.010221e+000	4.690900e-002	-6.959763e-001
3.396871835715507e-003	-4.307781e-001	-3.645707e-001	-4.499972e-001	8.337432e-001	8.019735e-001	5.011514e-002	-6.030039e-001
3.416403085715507e-003	-3.271096e-001	-2.686312e-001	-3.406517e-001	6.143375e-001	5.815400e-001	5.250947e-002	-5.009617e-001
3.435934335715506e-003	-2.186976e-001	-1.688315e-001	-2.263572e-001	3.861037e-001	3.522390e-001	5.405572e-002	-3.913847e-001
3.455465585715506e-003	-1.071732e-001	-6.667297e-002	-1.088336e-001	1.524756e-001	1.175214e-001	5.473043e-002	-2.759208e-001
3.465231210715505e-003	-5.076716e-002	-1.518875e-002	-4.941235e-002	3.473550e-002	-7.662724e-004	5.473719e-002	-2.165213e-001
3.474996835715505e-003	5.785453e-003	3.630725e-002	1.015075e-002	-8.303159e-002	-1.190799e-001	5.452321e-002	-1.563069e-001
3.494528085715505e-003	1.184789e-001	1.385598e-001	1.288057e-001	-3.168747e-001	-3.540043e-001	5.343697e-002	-3.434194e-002
3.514059335715504e-003	2.292115e-001	2.385464e-001	2.453458e-001	-5.455357e-001	-5.837160e-001	5.148786e-002	8.813956e-002
3.533590585715504e-003	3.363173e-001	3.347626e-001	3.580178e-001	-7.655742e-001	-8.047581e-001	4.870499e-002	2.092953e-001
3.553121835715504e-003	4.381848e-001	4.257610e-001	4.651263e-001	-9.736800e-001	-1.013803e+000	4.513003e-002	3.273031e-001
3.572653085715503e-003	5.332813e-001	5.101724e-001	5.650598e-001	-1.166722e+000	-1.207706e+000	4.081659e-002	4.403880e-001
3.592184335715503e-003	6.201761e-001	5.867270e-001	6.563147e-001	-1.341796e+000	-1.383548e+000	3.582937e-002	5.468490e-001
3.611715585715502e-003	6.975617e-001	6.542729e-001	7.375181e-001	-1.496268e+000	-1.538682e+000	3.024322e-002	6.450849e-001
3.631246835715502e-003	7.642738e-001	7.117940e-001	8.074480e-001	-1.627814e+000	-1.670772e+000	2.414201e-002	7.336181e-001
3.650778085715502e-003	8.193086e-001	7.584248e-001	8.650522e-001	-1.734455e+000	-1.777831e+000	1.761737e-002	8.111169e-001
3.670309335715501e-003	8.618380e-001	7.934636e-001	9.094639e-001	-1.814586e+000	-1.858247e+000	1.076729e-002	8.764160e-001
3.680074960715501e-003	8.782055e-001	8.064642e-001	9.265057e-001	-1.844317e+000	-1.888068e+000	7.252220e-003	9.041759e-001
3.689840585715501e-003	8.912219e-001	8.163832e-001	9.400147e-001	-1.867001e+000	-1.910807e+000	3.694675e-003	9.285328e-001
3.699606210715500e-003	9.008381e-001	8.231833e-001	9.499402e-001	-1.882552e+000	-1.926377e+000	1.080321e-004	9.493948e-001
3.719137460715500e-003	9.097382e-001	8.273358e-001	9.589046e-001	-1.892049e+000	-1.935804e+000	-7.098551e-003	9.803340e-001
3.738668710715500e-003	9.047717e-001	8.188592e-001	9.532635e-001	-1.872663e+000	-1.916204e+000	-1.425925e-002	9.965280e-001
3.748434335715499e-003	8.971035e-001	8.099173e-001	9.449838e-001	-1.852214e+000	-1.895595e+000	-1.778870e-002	9.990107e-001
3.758199960715499e-003	8.860129e-001	7.978807e-001	9.331015e-001	-1.824687e+000	-1.867873e+000	-2.126647e-002	9.977334e-001
3.767965585715499e-003	8.715415e-001	7.827946e-001	9.176615e-001	-1.790186e+000	-1.833142e+000	-2.467948e-002	9.927008e-001
3.787496835715499e-003	8.326866e-001	7.437122e-001	8.763534e-001	-1.700808e+000	-1.743204e+000	-3.126021e-002	9.714596e-001
3.807028085715498e-003	7.811231e-001	6.932579e-001	8.216805e-001	-1.585423e+000	-1.627131e+000	-3.743199e-002	9.356068e-001
3.826559335715498e-003	7.176263e-001	6.321903e-001	7.544649e-001	-1.445767e+000	-1.486668e+000	-4.310207e-002	8.856816e-001
3.846090585715497e-003	6.431511e-001	5.614281e-001	6.757174e-001	-1.283940e+000	-1.323927e+000	-4.818525e-002	8.224350e-001
3.865621835715497e-003	5.588174e-001	4.820353e-001	5.866222e-001	-1.102375e+000	-1.141353e+000	-5.260516e-002	7.468182e-001
3.885153085715497e-003	4.658937e-001	3.952060e-001	4.885191e-001	-9.038035e-001	-9.416909e-001	-5.629538e-002	6.599685e-001
3.904684335715496e-003	3.657773e-001	3.022462e-001	3.828835e-001	-6.912120e-001	-7.279429e-001	-5.920046e-002	5.631922e-001
3.924215585715496e-003	2.599741e-001	2.045540e-001	2.713042e-001	-4.677980e-001	-5.033225e-001	-6.127679e-002	4.579451e-001
3.943746835715496e-003	1.500752e-001	1.035987e-001	1.554591e-001	-2.369217e-001	-2.712069e-001	-6.249316e-002	3.458100e-001
3.963278085715495e-003	3.773358e-002	8.988505e-004	3.709075e-002	-2.055622e-003	-3.508583e-002	-6.283134e-002	2.284736e-001
3.982809335715495e-003	-7.536116e-002	-1.020009e-001	-8.202077e-002	2.332677e-001	2.014903e-001	-6.228629e-002	1.077008e-001
4.002340585715494e-003	-1.875080e-001	-2.035529e-001	-2.000840e-001	4.655087e-001	4.349645e-001	-6.086623e-002	-1.469197e-002
4.021871835715494e-003	-2.970203e-001	-3.022297e-001	-3.153232e-001	6.911743e-001	6.618263e-001	-5.859257e-002	-1.368637e-001
4.041403085715494e-003	-4.022509e-001	-3.965470e-001	-4.260052e-001	9.068701e-001	8.786646e-001	-5.549952e-002	-2.569770e-001
4.060934335715493e-003	-5.016170e-001	-4.850862e-001	-5.304652e-001	1.109352e+000	1.082219e+000	-5.163364e-002	-3.732250e-001
4.080465585715493e-003	-5.936240e-001	-5.665155e-001	-6.271322e-001	1.295574e+000	1.269430e+000	-4.705309e-002	-4.838594e-001
4.099996835715492e-003	-6.768882e-001	-6.396102e-001	-7.145522e-001	1.462736e+000	1.437481e+000	-4.182678e-002	-5.872161e-001
4.119528085715492e-003	-7.501572e-001	-7.032707e-001	-7.914103e-001	1.608322e+000	1.583847e+000	-3.603333e-002	-6.817405e-001
4.139059335715492e-003	-8.123289e-001	-7.565393e-001	-8.565507e-001	1.730143e+000	1.706327e+000	-2.975989e-002	-7.660109e-001
4.158590585715491e-003	-8.624682e-001	-7.986150e-001	-9.089934e-001	1.826366e+000	1.803080e+000	-2.310082e-002	-8.387598e-001
4.178121835715491e-003	-8.998208e-001	-8.288646e-001	-9.479496e-001	1.895545e+000	1.872651e+000	-1.615627e-002	-8.988930e-001
4.197653085715490e-003	-9.238250e-001	-8.468332e-001	-9.728335e-001	1.936638e+000	1.913996e+000	-9.030702e-003	-9.455060e-001
4.217184335715490e-003	-9.341196e-001	-8.522503e-001	-9.832707e-001	1.949026e+000	1.926493e+000	-1.831274e-003	-9.778976e-001
4.226949960715490e-003	-9.340692e-001	-8.502191e-001	-9.830142e-001	1.944381e+000	1.921848e+000	1.762300e-003	-9.885997e-001
4.236715585715489e-003	-9.305496e-001	-8.450343e-001	-9.791042e-001	1.932523e+000	1.909956e+000	5.333737e-003	-9.955809e-001
4.246481210715489e-003	-9.235741e-001	-8.367153e-001	-9.715555e-001	1.913499e+000	1.890860e+000	8.869600e-003	-9.988149e-001
4.256246835715489e-003	-9.131688e-001	-8.252936e-001	-9.603965e-001	1.887378e+000	1.864633e+000	1.235658e-002	-9.982896e-001
4.275778085715489e-003	-8.822385e-001	-7.933251e-001	-9.274291e-001	1.814269e+000	1.791208e+000	1.913164e-002	-9.859831e-001
4.295309335715488e-003	-8.382236e-001	-7.496092e-001	-8.806977e-001	1.714294e+000	1.690786e+000	2.555703e-002	-9.588466e-001
4.305074960715488e-003	-8.115090e-001	-7.235450e-001	-8.523822e-001	1.654687e+000	1.630908e+000	2.860817e-002	-9.398360e-001
4.314840585715488e-003	-7.817864e-001	-6.948036e-001	-8.209050e-001	1.588959e+000	1.564878e+000	3.153615e-002	-9.172881e-001
4.324606210715488e-003	-7.491676e-001	-6.634935e-001	-7.863845e-001	1.517355e+000	1.492945e+000	3.432995e-002	-8.912877e-001
4.344137460715487e-003	-6.757429e-001	-5.936472e-001	-7.087438e-001	1.357622e+000	1.332473e+000	3.947355e-002	-8.293335e-001
4.363668710715487e-003	-5.923392e-001	-5.150565e-001	-6.206280e-001	1.177892e+000	1.151907e+000	4.396162e-002	-7.549055e-001
4.383199960715486e-003	-5.002109e-001	-4.289032e-001	-5.233623e-001	9.808661e-001	9.539635e-001	4.772670e-002	-6.691229e-001
4.402731210715486e-003	-4.007435e-001	-3.364829e-001	-4.184095e-001	7.695088e-001	7.416202e-001	5.071220e-002	-5.732762e-001
4.422262460715485e-003	-2.954329e-001	-2.391857e-001	-3.073481e-001	5.469980e-001	5.180721e-001	5.287325e-002	-4.688068e-001
4.441793710715485e-003	-1.858630e-001	-1.384747e-001	-1.918484e-001	3.166802e-001	2.866822e-001	5.417739e-002	-3.572861e-001
4.461324960715485e-003	-7.368162e-002	-3.586441e-002	-7.364753e-002	8.201902e-002	5.093154e-002	5.460506e-002	-2.403915e-001
4.471090585715484e-003	-1.713800e-002	1.567118e-002	-1.408878e-002	-3.583861e-002	-6.747182e-002	5.448770e-002	-1.804760e-001
4.490621835715484e-003	9.579192e-002	1.182343e-001	1.048254e-001	-2.703920e-001	-3.031076e-001	5.359284e-002	-5.883524e-002
4.510153085715484e-003	2.070974e-001	2.188361e-001	2.219790e-001	-5.004599e-001	-5.342314e-001	5.183042e-002	6.369048e-002
4.529684335715483e-003	3.151046e-001	3.159636e-001	3.356101e-001	-7.225825e-001	-7.573659e-001	4.922701e-002	1.852582e-001
4.549215585715483e-003	4.181891e-001	4.081561e-001	4.440097e-001	-9.334192e-001	-9.691546e-001	4.582183e-002	3.040395e-001
4.568746835715482e-003	5.148007e-001	4.940273e-001	5.455476e-001	-1.129800e+000	-1.166411e+000	4.166614e-002	4.182478e-001
4.588278085715482e-003	6.034864e-001	5.722859e-001	6.386968e-001	-1.308770e+000	-1.346168e+000	3.682253e-002	5.261652e-001
4.607809335715482e-003	6.829126e-001	6.417549e-001	7.220564e-001	-1.467640e+000	-1.505721e+000	3.136390e-002	6.261686e-001
4.627340585715481e-003	7.518848e-001	7.013898e-001	7.943729e-001	-1.604020e+000	-1.642669e+000	2.537244e-002	7.167538e-001
4.646871835715481e-003	8.093658e-001	7.502939e-001	8.545588e-001	-1.715860e+000	-1.754953e+000	1.893831e-002	7.965584e-001
4.666403085715480e-003	8.544914e-001	7.877318e-001	9.017090e-001	-1.801477e+000	-1.840882e+000	1.215838e-002	8.643821e-001
4.676168710715480e-003	8.722013e-001	8.019682e-001	9.201662e-001	-1.834035e+000	-1.873543e+000	8.670457e-003	8.934748e-001
4.685934335715480e-003	8.865831e-001	8.131409e-001	9.351146e-001	-1.859586e+000	-1.899163e+000	5.134678e-003	9.192046e-001
4.695699960715480e-003	8.975825e-001	8.212079e-001	9.464979e-001	-1.878035e+000	-1.917645e+000	1.564355e-003	9.414747e-001
4.715231210715479e-003	9.092820e-001	8.279157e-001	9.584116e-001	-1.893375e+000	-1.932945e+000	-5.626053e-003	9.753140e-001
4.734762460715479e-003	9.071240e-001	8.219908e-001	9.557286e-001	-1.879825e+000	-1.919211e+000	-1.279254e-002	9.944838e-001
4.744528085715479e-003	9.008507e-001	8.143116e-001	9.489173e-001	-1.862263e+000	-1.901504e+000	-1.633304e-002	9.984686e-001
4.754293710715478e-003	8.911415e-001	8.035227e-001	9.384892e-001	-1.837590e+000	-1.876649e+000	-1.982723e-002	9.986955e-001
4.764059335715478e-003	8.780330e-001	7.896645e-001	9.244836e-001	-1.805897e+000	-1.844741e+000	-2.326194e-002	9.951635e-001
4.773824960715478e-003	8.615748e-001	7.727894e-001	9.069532e-001	-1.767305e+000	-1.805900e+000	-2.662424e-002	9.878860e-001
4.793356210715478e-003	8.188691e-001	7.302535e-001	8.615950e-001	-1.670029e+000	-1.708026e+000	-3.308124e-002	9.622177e-001
4.812887460715477e-003	7.636669e-001	6.765551e-001	8.030972e-001	-1.547226e+000	-1.584499e+000	-3.910105e-002	9.220767e-001
4.832418710715477e-003	6.967990e-001	6.125022e-001	7.323399e-001	-1.400742e+000	-1.437177e+000	-4.459303e-002	8.680669e-001
4.851949960715476e-003	6.192712e-001	5.390584e-001	6.503877e-001	-1.232782e+000	-1.268276e+000	-4.947448e-002	8.010005e-001
4.871481210715476e-003	5.322499e-001	4.573288e-001	5.584735e-001	-1.045873e+000	-1.080334e+000	-5.367190e-002	7.218864e-001
4.891012460715476e-003	4.370444e-001	3.685430e-001	4.579799e-001	-8.428273e-001	-8.761787e-001	-5.712206e-002	6.319144e-001
4.910543710715475e-003	3.350869e-001	2.740367e-001	3.504189e-001	-6.266992e-001	-6.588801e-001	-5.977297e-002	5.324378e-001
4.930074960715475e-003	2.279113e-001	1.752317e-001	2.374086e-001	-4.007404e-001	-4.317060e-001	-6.158468e-002	4.249528e-001
4.949606210715474e-003	1.171298e-001	7.361440e-002	1.206490e-001	-1.683501e-001	-1.980729e-001	-6.252983e-002	3.110762e-001
4.959371835715474e-003	6.090630e-002	2.222788e-002	6.141062e-002	-5.083334e-002	-7.992984e-002	-6.267247e-002	2.522732e-001
4.969137460715474e-003	4.409152e-003	-2.928637e-002	1.896575e-003	6.697548e-002	3.850562e-002	-6.259412e-002	1.925207e-001
4.988668710715473e-003	-1.085550e-001	-1.319226e-001	-1.170622e-001	3.016960e-001	2.744716e-001	-6.177648e-002	7.106952e-002
5.008199960715473e-003	-2.200633e-001	-2.327502e-001	-2.344377e-001	5.322804e-001	5.062762e-001	-6.008911e-002	-5.145063e-002
5.027731210715473e-003	-3.284382e-001	-3.302522e-001	-3.484643e-001	7.552595e-001	7.304334e-001	-5.755729e-002	-1.731969e-001
5.047262460715472e-003	-4.320493e-001	-4.229620e-001	-4.574265e-001	9.672790e-001	9.435721e-001	-5.421900e-002	-2.923381e-001
5.066793710715472e-003	-5.293379e-001	-5.094845e-001	-5.596852e-001	1.165149e+000	1.142487e+000	-5.012435e-002	-4.070823e-001
5.086324960715471e-003	-6.188403e-001	-5.885181e-001	-6.537019e-001	1.345892e+000	1.324186e+000	-4.533483e-002	-5.157036e-001
5.105856210715471e-003	-6.992099e-001	-6.588738e-001	-7.380623e-001	1.506790e+000	1.485937e+000	-3.992236e-002	-6.165683e-001
5.125387460715471e-003	-7.692378e-001	-7.194929e-001	-8.114970e-001	1.645421e+000	1.625308e+000	-3.396826e-002	-7.081591e-001
5.144918710715470e-003	-8.278701e-001	-7.694634e-001	-8.729014e-001	1.759699e+000	1.740203e+000	-2.756197e-002	-7.890987e-001
5.164449960715470e-003	-8.742247e-001	-8.080332e-001	-9.213514e-001	1.847905e+000	1.828893e+000	-2.079974e-002	-8.581694e-001
5.183981210715469e-003	-9.076040e-001	-8.346219e-001	-9.561180e-001	1.908711e+000	1.890045e+000	-1.378317e-002	-9.143324e-001
5.203512460715469e-003	-9.275057e-001	-8.488292e-001	-9.766779e-001	1.941202e+000	1.922740e+000	-6.617696e-003	-9.567431e-001
5.223043710715468e-003	-9.336300e-001	-8.504411e-001	-9.827216e-001	1.944888e+000	1.926487e+000	5.890219e-004	-9.847634e-001
5.232809335715468e-003	-9.314885e-001	-8.465086e-001	-9.802628e-001	1.935895e+000	1.917470e+000	4.173988e-003	-9.932369e-001
5.242574960715468e-003	-9.258844e-001	-8.394330e-001	-9.741578e-001	1.919714e+000	1.901229e+000	7.728698e-003	-9.979720e-001
5.252340585715468e-003	-9.168385e-001	-8.292406e-001	-9.644296e-001	1.896405e+000	1.877825e+000	1.123979e-002	-9.989510e-001
5.271871835715467e-003	-8.885708e-001	-7.996709e-001	-9.342636e-001	1.828781e+000	1.809908e+000	1.807852e-002	-9.896400e-001
5.291403085715467e-003	-8.471100e-001	-7.582437e-001	-8.902180e-001	1.734041e+000	1.714740e+000	2.458742e-002	-9.654438e-001
5.301168710715467e-003	-8.216195e-001	-7.332715e-001	-8.631895e-001	1.676931e+000	1.657369e+000	2.768740e-002	-9.478689e-001
5.310934335715467e-003	-7.930795e-001	-7.055820e-001	-8.329551e-001	1.613608e+000	1.593754e+000	3.066872e-002	-9.267266e-001
5.320699960715466e-003	-7.615974e-001	-6.752793e-001	-7.996287e-001	1.544308e+000	1.524133e+000	3.352018e-002	-9.020962e-001
5.340231210715466e-003	-6.902911e-001	-6.072997e-001	-7.242126e-001	1.388844e+000	1.367945e+000	3.879117e-002	-8.427548e-001
5.359762460715466e-003	-6.087729e-001	-5.303550e-001	-6.380751e-001	1.212878e+000	1.191155e+000	4.342120e-002	-7.707378e-001
5.379293710715465e-003	-5.182685e-001	-4.456019e-001	-5.425113e-001	1.019055e+000	9.964231e-001	4.734075e-002	-6.871282e-001
5.398824960715465e-003	-4.201387e-001	-3.543150e-001	-4.389585e-001	8.102893e-001	7.866777e-001	5.049097e-002	-5.931835e-001
5.418356210715464e-003	-3.158593e-001	-2.578669e-001	-3.289735e-001	5.897204e-001	5.650741e-001	5.282461e-002	-4.903167e-001
5.437887460715464e-003	-2.069982e-001	-1.577079e-001	-2.142105e-001	3.606650e-001	3.349458e-001	5.430668e-002	-3.800752e-001
5.457418710715463e-003	-9.519254e-002	-5.534403e-002	-9.639511e-002	1.265673e-001	9.975433e-002	5.491500e-002	-2.641169e-001
5.476949960715463e-003	1.787650e-002	4.768538e-002	2.270092e-002	-1.090525e-001	-1.369626e-001	5.464056e-002	-1.441861e-001
5.496481210715463e-003	1.305086e-001	1.498311e-001	1.412867e-001	-3.426512e-001	-3.716442e-001	5.348758e-002	-2.208660e-002
5.516012460715462e-003	2.410100e-001	2.495571e-001	2.575788e-001	-5.707163e-001	-6.007605e-001	5.147355e-002	1.003451e-001
5.535543710715462e-003	3.477191e-001	3.453638e-001	3.698287e-001	-7.898183e-001	-8.208650e-001	4.862886e-002	2.212675e-001
5.555074960715461e-003	4.490313e-001	4.358106e-001	4.763483e-001	-9.966626e-001	-1.028647e+000	4.499642e-002	3.388619e-001
5.574606210715461e-003	5.434230e-001	5.195374e-001	5.755358e-001	-1.188139e+000	-1.220981e+000	4.063099e-002	4.513595e-001
5.594137460715461e-003	6.294750e-001	5.952854e-001	6.658998e-001	-1.361368e+000	-1.394974e+000	3.559836e-002	5.570681e-001
5.613668710715460e-003	7.058933e-001	6.619155e-001	7.460814e-001	-1.513746e+000	-1.548008e+000	2.997434e-002	6.543980e-001
5.633199960715460e-003	7.715290e-001	7.184261e-001	8.148750e-001	-1.642981e+000	-1.677782e+000	2.384364e-002	7.418851e-001
5.652731210715459e-003	8.253950e-001	7.639675e-001	8.712463e-001	-1.747130e+000	-1.782344e+000	1.729859e-002	8.182136e-001
5.672262460715459e-003	8.666818e-001	7.978551e-001	9.143479e-001	-1.824629e+000	-1.860120e+000	1.043777e-002	8.822353e-001
5.682028085715459e-003	8.824063e-001	8.102626e-001	9.307119e-001	-1.853003e+000	-1.888581e+000	6.921090e-003	9.093226e-001
5.691793710715458e-003	8.947686e-001	8.195797e-001	9.435318e-001	-1.874311e+000	-1.909940e+000	3.364493e-003	9.329875e-001
5.701559335715458e-003	9.037222e-001	8.257715e-001	9.527591e-001	-1.888471e+000	-1.924116e+000	-2.186163e-004	9.531407e-001
5.721090585715458e-003	9.112815e-001	8.286980e-001	9.603114e-001	-1.895164e+000	-1.930733e+000	-7.410315e-003	9.826227e-001
5.740621835715457e-003	9.049711e-001	8.189986e-001	9.532557e-001	-1.872982e+000	-1.908331e+000	-1.454571e-002	9.973251e-001
5.750387460715457e-003	8.966364e-001	8.094525e-001	9.442745e-001	-1.851151e+000	-1.886337e+000	-1.805864e-002	9.990561e-001
5.760153085715457e-003	8.848862e-001	7.968194e-001	9.316984e-001	-1.822260e+000	-1.857248e+000	-2.151736e-002	9.970268e-001
5.769918710715457e-003	8.697649e-001	7.811472e-001	9.155747e-001	-1.786419e+000	-1.821175e+000	-2.490883e-002	9.912450e-001
5.789449960715456e-003	8.296490e-001	7.409320e-001	8.729407e-001	-1.694450e+000	-1.728642e+000	-3.143921e-002	9.685246e-001
5.808981210715456e-003	7.768925e-001	6.894124e-001	8.170141e-001	-1.576629e+000	-1.610130e+000	-3.755144e-002	9.312368e-001
5.828512460715456e-003	7.122893e-001	6.273635e-001	7.486365e-001	-1.434728e+000	-1.467421e+000	-4.315346e-002	8.799423e-001
5.848043710715455e-003	6.368115e-001	5.557190e-001	6.688368e-001	-1.270883e+000	-1.302662e+000	-4.816087e-002	8.154126e-001
5.867574960715455e-003	5.515947e-001	4.755570e-001	5.788156e-001	-1.087559e+000	-1.118330e+000	-5.249825e-002	7.386184e-001
5.887106210715454e-003	4.579211e-001	3.880835e-001	4.799274e-001	-8.875148e-001	-9.171975e-001	-5.610022e-002	6.507146e-001
5.906637460715454e-003	3.572000e-001	2.946146e-001	3.736598e-001	-6.737592e-001	-7.022902e-001	-5.891249e-002	5.530235e-001
5.926168710715453e-003	2.509467e-001	1.965566e-001	2.616116e-001	-4.495087e-001	-4.768400e-001	-6.089262e-002	4.470145e-001
5.945699960715453e-003	1.407599e-001	9.538475e-002	1.454686e-001	-2.181371e-001	-2.442376e-001	-6.201070e-002	3.342819e-001
5.965231210715453e-003	2.829706e-002	-7.378827e-003	2.697803e-002	1.687473e-002	-7.981555e-003	-6.224981e-002	2.165213e-001
5.984762460715452e-003	-8.474971e-002	-1.101881e-001	-9.207752e-002	2.519910e-001	2.283749e-001	-6.160620e-002	9.550413e-002
6.004293710715452e-003	-1.966797e-001	-2.114962e-001	-2.099069e-001	4.836743e-001	4.612769e-001	-6.008944e-002	-2.694952e-002
6.023824960715451e-003	-3.058091e-001	-3.097791e-001	-3.247375e-001	7.084392e-001	6.872215e-001	-5.772220e-002	-1.489978e-001
6.043356210715451e-003	-4.104959e-001	-4.035581e-001	-4.348418e-001	9.229041e-001	9.028105e-001	-5.453998e-002	-2.688051e-001
6.062887460715451e-003	-5.091653e-001	-4.914223e-001	-5.385632e-001	1.123842e+000	1.104801e+000	-5.059050e-002	-3.845693e-001
6.082418710715450e-003	-6.003327e-001	-5.720497e-001	-6.343414e-001	1.308230e+000	1.290156e+000	-4.593305e-002	-4.945492e-001
6.101949960715450e-003	-6.826265e-001	-6.442271e-001	-7.207353e-001	1.473294e+000	1.456087e+000	-4.063754e-002	-5.970905e-001
6.121481210715449e-003	-7.548087e-001	-7.068687e-001	-7.964450e-001	1.616550e+000	1.600098e+000	-3.478350e-002	-6.906512e-001
6.141012460715449e-003	-8.157929e-001	-7.590318e-001	-8.603315e-001	1.735843e+000	1.720024e+000	-2.845886e-002	-7.738237e-001
6.160543710715448e-003	-8.646616e-001	-7.999314e-001	-9.114335e-001	1.829377e+000	1.814061e+000	-2.175860e-002	-8.453573e-001
6.180074960715448e-003	-9.006795e-001	-8.289520e-001	-9.489818e-001	1.895745e+000	1.880794e+000	-1.478339e-002	-9.041759e-001
6.199606210715448e-003	-9.233042e-001	-8.456565e-001	-9.724115e-001	1.933947e+000	1.919221e+000	-7.638014e-003	-9.493948e-001
6.219137460715447e-003	-9.321952e-001	-8.497936e-001	-9.813696e-001	1.943408e+000	1.928762e+000	-4.298101e-004	-9.803340e-001
6.228903085715447e-003	-9.314405e-001	-8.471222e-001	-9.803709e-001	1.937298e+000	1.922640e+000	3.164003e-003	-9.902946e-001
6.238668710715447e-003	-9.272183e-001	-8.413003e-001	-9.757209e-001	1.923984e+000	1.909276e+000	6.732929e-003	-9.965280e-001
6.248434335715447e-003	-9.195445e-001	-8.323498e-001	-9.674370e-001	1.903515e+000	1.888722e+000	1.026355e-002	-9.990107e-001
6.267965585715446e-003	-8.939704e-001	-8.052089e-001	-9.401053e-001	1.841446e+000	1.826378e+000	1.715698e-002	-9.927008e-001
6.287496835715446e-003	-8.551023e-001	-7.661075e-001	-8.987867e-001	1.752025e+000	1.736547e+000	2.374075e-002	-9.714596e-001
6.297262460715446e-003	-8.308580e-001	-7.422484e-001	-8.730683e-001	1.697461e+000	1.681730e+000	2.688538e-002	-9.553311e-001
6.307028085715445e-003	-8.035244e-001	-7.156332e-001	-8.441020e-001	1.636594e+000	1.620579e+000	2.991595e-002	-9.356068e-001
6.316793710715445e-003	-7.732046e-001	-6.863619e-001	-8.119969e-001	1.569653e+000	1.553324e+000	3.282107e-002	-9.123612e-001
6.336324960715445e-003	-7.040726e-001	-6.203014e-001	-7.388643e-001	1.418578e+000	1.401538e+000	3.821182e-002	-8.556686e-001
6.355856210715444e-003	-6.245015e-001	-5.450600e-001	-6.547702e-001	1.246507e+000	1.228654e+000	4.297665e-002	-7.861059e-001
6.375387460715444e-003	-5.356878e-001	-4.617691e-001	-5.609789e-001	1.056028e+000	1.037273e+000	4.704404e-002	-7.047195e-001
6.394918710715443e-003	-4.389669e-001	-3.716810e-001	-4.589010e-001	8.500039e-001	8.302736e-001	5.035293e-002	-6.127335e-001
6.414449960715443e-003	-3.357931e-001	-2.761505e-001	-3.500711e-001	6.315334e-001	6.107696e-001	5.285369e-002	-5.115313e-001
6.433981210715443e-003	-2.277179e-001	-1.766139e-001	-2.361259e-001	4.039014e-001	3.820623e-001	5.450882e-002	-4.026353e-001
6.453512460715442e-003	-1.163665e-001	-7.456794e-002	-1.187789e-001	1.705308e-001	1.475921e-001	5.529357e-002	-2.876832e-001
6.473043710715442e-003	-3.413180e-003	2.845287e-002	2.054195e-004	-6.506928e-002	-8.911450e-002	5.519624e-002	-1.684041e-001
6.492574960715441e-003	1.094434e-001	1.308994e-001	1.190378e-001	-2.993560e-001	-3.244970e-001	5.421843e-002	-4.659209e-002
6.512106210715441e-003	2.205062e-001	2.312311e-001	2.359312e-001	-5.288064e-001	-5.550149e-001	5.237499e-002	7.592073e-002
6.531637460715441e-003	3.281051e-001	3.279394e-001	3.491279e-001	-7.499703e-001	-7.772009e-001	4.969376e-002	1.972916e-001
6.551168710715440e-003	4.306221e-001	4.195700e-001	4.569257e-001	-9.595219e-001	-9.877131e-001	4.621519e-002	3.156951e-001
6.570699960715440e-003	5.265158e-001	5.047452e-001	5.577037e-001	-1.154310e+000	-1.183385e+000	4.199174e-002	4.293502e-001
6.590231210715439e-003	6.143440e-001	5.821841e-001	6.499463e-001	-1.331407e+000	-1.361274e+000	3.708705e-002	5.365475e-001
6.609762460715439e-003	6.927863e-001	6.507226e-001	7.322667e-001	-1.488149e+000	-1.518703e+000	3.157503e-002	6.356746e-001
6.629293710715438e-003	7.606632e-001	7.093299e-001	8.034269e-001	-1.622179e+000	-1.653305e+000	2.553870e-002	7.252406e-001
6.648824960715438e-003	8.169540e-001	7.571251e-001	8.623571e-001	-1.731483e+000	-1.763055e+000	1.906899e-002	8.038982e-001
6.668356210715438e-003	8.608126e-001	7.933897e-001	9.081714e-001	-1.814416e+000	-1.846303e+000	1.226333e-002	8.704646e-001
6.678121835715437e-003	8.778662e-001	8.070205e-001	9.259368e-001	-1.845589e+000	-1.877581e+000	8.766387e-003	8.988930e-001
6.687887460715437e-003	8.915797e-001	8.175784e-001	9.401809e-001	-1.869734e+000	-1.901796e+000	5.224204e-003	9.239383e-001
6.697653085715437e-003	9.019015e-001	8.250237e-001	9.508502e-001	-1.886761e+000	-1.918857e+000	1.650127e-003	9.455060e-001
6.717184335715437e-003	9.122279e-001	8.304757e-001	9.613178e-001	-1.899229e+000	-1.931287e+000	-5.539770e-003	9.778976e-001
6.736715585715436e-003	9.086903e-001	8.232953e-001	9.571822e-001	-1.882808e+000	-1.914683e+000	-1.269504e-002	9.955809e-001
6.746481210715436e-003	9.017311e-001	8.149943e-001	9.496492e-001	-1.863825e+000	-1.895555e+000	-1.622595e-002	9.988149e-001
6.756246835715436e-003	8.913424e-001	8.035907e-001	9.385061e-001	-1.837745e+000	-1.869296e+000	-1.970793e-002	9.982896e-001
6.766012460715436e-003	8.775632e-001	7.891273e-001	9.237948e-001	-1.804669e+000	-1.836005e+000	-2.312785e-002	9.940070e-001
6.785543710715435e-003	8.400539e-001	7.512506e-001	8.839027e-001	-1.718048e+000	-1.748855e+000	-2.973027e-002	9.742483e-001
6.805074960715435e-003	7.897674e-001	7.019343e-001	8.305733e-001	-1.605266e+000	-1.635415e+000	-3.593377e-002	9.398360e-001
6.824606210715434e-003	7.274609e-001	6.419206e-001	7.646090e-001	-1.468019e+000	-1.497392e+000	-4.164492e-002	8.912877e-001
6.844137460715434e-003	6.540716e-001	5.721124e-001	6.870026e-001	-1.308374e+000	-1.336861e+000	-4.677770e-002	8.293335e-001
6.863668710715433e-003	5.707038e-001	4.935603e-001	5.989215e-001	-1.128732e+000	-1.156237e+000	-5.125478e-002	7.549055e-001
6.883199960715433e-003	4.786119e-001	4.074460e-001	5.016910e-001	-9.317954e-001	-9.582369e-001	-5.500870e-002	6.691229e-001
6.902731210715433e-003	3.791814e-001	3.150652e-001	3.967740e-001	-7.205281e-001	-7.458381e-001	-5.798286e-002	5.732762e-001
6.922262460715432e-003	2.739082e-001	2.178077e-001	2.857489e-001	-4.981083e-001	-5.222356e-001	-6.013242e-002	4.688068e-001
6.941793710715432e-003	1.643760e-001	1.171369e-001	1.702859e-001	-2.678823e-001	-2.907924e-001	-6.142491e-002	3.572861e-001
6.961324960715431e-003	5.223285e-002	1.456713e-002	5.212218e-002	-3.331385e-002	-5.498952e-002	-6.184077e-002	2.403915e-001
6.980856210715431e-003	-6.083427e-002	-8.835834e-002	-6.696464e-002	2.020682e-001	1.816263e-001	-6.137362e-002	1.198812e-001
7.000387460715431e-003	-1.731243e-001	-1.900911e-001	-1.851830e-001	4.347225e-001	4.154963e-001	-6.003037e-002	-2.432195e-003
7.019918710715430e-003	-2.829480e-001	-2.891005e-001	-3.007544e-001	6.611489e-001	6.431030e-001	-5.783109e-002	-1.247090e-001
7.039449960715430e-003	-3.886530e-001	-3.838971e-001	-4.119401e-001	8.779409e-001	8.610229e-001	-5.480875e-002	-2.451101e-001
7.058981210715429e-003	-4.886491e-001	-4.730546e-001	-5.170675e-001	1.081837e+000	1.065978e+000	-5.100868e-002	-3.618245e-001
7.078512460715429e-003	-5.814318e-001	-5.552317e-001	-6.145548e-001	1.269769e+000	1.254887e+000	-4.648791e-002	-4.730968e-001
7.098043710715428e-003	-6.656053e-001	-6.291919e-001	-7.029356e-001	1.438910e+000	1.424907e+000	-4.131431e-002	-5.772532e-001
7.117574960715428e-003	-7.399031e-001	-6.938226e-001	-7.808800e-001	1.586715e+000	1.573482e+000	-3.556558e-002	-6.727272e-001
7.137106210715428e-003	-8.032074e-001	-7.481511e-001	-8.472152e-001	1.710959e+000	1.698376e+000	-2.932807e-002	-7.580827e-001
7.156637460715427e-003	-8.545655e-001	-7.913598e-001	-9.009433e-001	1.809774e+000	1.797712e+000	-2.269547e-002	-8.320361e-001
7.176168710715427e-003	-8.932047e-001	-8.227987e-001	-9.412557e-001	1.881673e+000	1.869995e+000	-1.576741e-002	-8.934748e-001
7.195699960715426e-003	-9.185435e-001	-8.419944e-001	-9.675456e-001	1.925572e+000	1.914139e+000	-8.647987e-003	-9.414747e-001
7.215231210715426e-003	-9.302002e-001	-8.486578e-001	-9.794174e-001	1.940810e+000	1.929479e+000	-1.444158e-003	-9.753140e-001
7.224996835715426e-003	-9.308348e-001	-8.472511e-001	-9.798819e-001	1.937593e+000	1.926258e+000	2.155592e-003	-9.867558e-001
7.234762460715426e-003	-9.279993e-001	-8.426884e-001	-9.766919e-001	1.927159e+000	1.915784e+000	5.735847e-003	-9.944838e-001
7.254293710715425e-003	-9.119733e-001	-8.241755e-001	-9.594099e-001	1.884821e+000	1.873261e+000	1.278415e-002	-9.986955e-001
7.273824960715425e-003	-8.823631e-001	-7.933973e-001	-9.278309e-001	1.814434e+000	1.802549e+000	1.959487e-002	-9.878860e-001
7.293356210715424e-003	-8.396136e-001	-7.508162e-001	-8.824295e-001	1.717055e+000	1.704713e+000	2.606568e-002	-9.622177e-001
7.303121835715424e-003	-8.135049e-001	-7.252930e-001	-8.547509e-001	1.658685e+000	1.646067e+000	2.914300e-002	-9.439235e-001
7.312887460715424e-003	-7.843674e-001	-6.970724e-001	-8.238883e-001	1.594147e+000	1.581223e+000	3.209937e-002	-9.220767e-001
7.332418710715423e-003	-7.174551e-001	-6.329740e-001	-7.530873e-001	1.447559e+000	1.433937e+000	3.760531e-002	-8.680669e-001
7.351949960715423e-003	-6.398829e-001	-5.594845e-001	-6.710912e-001	1.279495e+000	1.265070e+000	4.250081e-002	-8.010005e-001
7.371481210715423e-003	-5.528169e-001	-4.777090e-001	-5.791327e-001	1.092481e+000	1.077163e+000	4.671235e-002	-7.218864e-001
7.391012460715422e-003	-4.575665e-001	-3.888771e-001	-4.785948e-001	8.893299e-001	8.730413e-001	5.017671e-002	-6.319144e-001
7.410543710715422e-003	-3.555639e-001	-2.943246e-001	-3.709892e-001	6.730961e-001	6.557758e-001	5.284189e-002	-5.324378e-001
7.430074960715421e-003	-2.483430e-001	-1.954732e-001	-2.579341e-001	4.470312e-001	4.286342e-001	5.466794e-002	-4.249528e-001
7.449606210715421e-003	-1.375161e-001	-9.380945e-002	-1.411294e-001	2.145345e-001	1.950330e-001	5.562750e-002	-3.110762e-001
7.469137460715421e-003	-2.474976e-002	9.137969e-003	-2.233180e-002	-2.089771e-002	-4.151421e-002	5.570626e-002	-1.925207e-001
7.488668710715420e-003	8.826025e-002	1.118210e-001	9.667235e-002	-2.557252e-001	-2.774495e-001	5.490315e-002	-7.106952e-002
7.508199960715420e-003	1.998145e-001	2.126954e-001	2.140935e-001	-4.864168e-001	-5.092240e-001	5.323037e-002	5.145063e-002
7.527731210715419e-003	3.082355e-001	3.102446e-001	3.281658e-001	-7.095036e-001	-7.333516e-001	5.071320e-002	1.731969e-001
7.547262460715419e-003	4.118929e-001	4.030014e-001	4.371739e-001	-9.216308e-001	-9.464613e-001	4.738961e-002	2.923381e-001
7.566793710715418e-003	5.092279e-001	4.895712e-001	5.394787e-001	-1.119609e+000	-1.145348e+000	4.330971e-002	4.070823e-001
7.586324960715418e-003	5.987769e-001	5.686522e-001	6.335416e-001	-1.300460e+000	-1.327019e+000	3.853499e-002	5.157036e-001
7.605856210715418e-003	6.791933e-001	6.390553e-001	7.179483e-001	-1.461467e+000	-1.488743e+000	3.313738e-002	6.165683e-001
7.625387460715417e-003	7.492679e-001	6.997219e-001	7.914295e-001	-1.600206e+000	-1.628087e+000	2.719817e-002	7.081591e-001
7.644918710715417e-003	8.079471e-001	7.497400e-001	8.528805e-001	-1.714593e+000	-1.742955e+000	2.080682e-002	7.890987e-001
7.664449960715416e-003	8.543488e-001	7.883576e-001	9.013773e-001	-1.802908e+000	-1.831619e+000	1.405957e-002	8.581694e-001
7.683981210715416e-003	8.877752e-001	8.149940e-001	9.361907e-001	-1.863824e+000	-1.892746e+000	7.058032e-003	9.143324e-001
7.693746835715416e-003	8.994579e-001	8.236871e-001	9.482945e-001	-1.883704e+000	-1.912679e+000	3.494738e-003	9.373016e-001
7.703512460715416e-003	9.077241e-001	8.292493e-001	9.567977e-001	-1.896424e+000	-1.925416e+000	-9.238209e-005	9.567431e-001
7.723043710715415e-003	9.138957e-001	8.309091e-001	9.628884e-001	-1.900220e+000	-1.929138e+000	-7.284003e-003	9.847634e-001
7.742574960715415e-003	9.061975e-001	8.199489e-001	9.543718e-001	-1.875155e+000	-1.903856e+000	-1.440855e-002	9.979720e-001
7.752340585715415e-003	8.971755e-001	8.097805e-001	9.446673e-001	-1.851901e+000	-1.880440e+000	-1.791206e-002	9.989510e-001
7.762106210715414e-003	8.847458e-001	7.965339e-001	9.313762e-001	-1.821607e+000	-1.849950e+000	-2.135874e-002	9.961702e-001
7.771871835715414e-003	8.689553e-001	7.802588e-001	9.145486e-001	-1.784387e+000	-1.812500e+000	-2.473561e-002	9.896400e-001
7.791403085715414e-003	8.275421e-001	7.388799e-001	8.705505e-001	-1.689757e+000	-1.717309e+000	-3.122931e-002	9.654438e-001
7.810934335715413e-003	7.735593e-001	6.862663e-001	8.133351e-001	-1.569434e+000	-1.596300e+000	-3.729537e-002	9.267266e-001
7.830465585715414e-003	7.078191e-001	6.232099e-001	7.437632e-001	-1.425230e+000	-1.451293e+000	-4.284244e-002	8.740704e-001
7.849996835715413e-003	6.313107e-001	5.506594e-001	6.628818e-001	-1.259313e+000	-1.284468e+000	-4.778698e-002	8.082674e-001
7.869528085715413e-003	5.451851e-001	4.697064e-001	5.719076e-001	-1.074180e+000	-1.098336e+000	-5.205450e-002	7.303073e-001
7.889059335715412e-003	4.507382e-001	3.815688e-001	4.722094e-001	-8.726164e-001	-8.956945e-001	-5.558070e-002	6.413628e-001
7.908590585715412e-003	3.493909e-001	2.875727e-001	3.652871e-001	-6.576551e-001	-6.795927e-001	-5.831243e-002	5.427715e-001
7.928121835715412e-003	2.426677e-001	1.891322e-001	2.527492e-001	-4.325298e-001	-4.532806e-001	-6.020849e-002	4.360165e-001
7.947653085715411e-003	1.321745e-001	8.772831e-002	1.362887e-001	-2.006274e-001	-2.201620e-001	-6.124026e-002	3.227033e-001
7.967184335715411e-003	1.957326e-002	-1.511350e-002	1.765772e-002	3.456328e-002	1.625667e-002	-6.139209e-002	2.045364e-001
7.986715585715410e-003	-9.344189e-002	-1.178460e-001	-1.013591e-001	2.695040e-001	2.524196e-001	-6.066159e-002	8.329310e-002
8.006246835715410e-003	-2.051708e-001	-2.189237e-001	-2.189714e-001	5.006603e-001	4.847748e-001	-5.905965e-002	-3.920303e-002
8.025778085715410e-003	-3.139326e-001	-3.168259e-001	-3.334097e-001	7.245545e-001	7.098273e-001	-5.661024e-002	-1.611095e-001
8.045309335715409e-003	-4.180910e-001	-4.100797e-001	-4.429525e-001	9.378183e-001	9.241922e-001	-5.335009e-002	-2.805927e-001
8.064840585715409e-003	-5.160792e-001	-4.972822e-001	-5.459517e-001	1.137243e+000	1.124645e+000	-4.932814e-002	-3.958556e-001
8.084371835715408e-003	-6.064228e-001	-5.771215e-001	-6.408579e-001	1.319829e+000	1.308172e+000	-4.460475e-002	-5.051644e-001
8.103903085715408e-003	-6.877629e-001	-6.483963e-001	-7.262431e-001	1.482829e+000	1.472011e+000	-3.925088e-002	-6.068751e-001
8.123434335715407e-003	-7.588754e-001	-7.100343e-001	-8.008230e-001	1.623790e+000	1.613699e+000	-3.334693e-002	-6.994579e-001
8.142965585715407e-003	-8.186905e-001	-7.611080e-001	-8.634751e-001	1.740591e+000	1.731104e+000	-2.698159e-002	-7.815201e-001
8.162496835715407e-003	-8.663083e-001	-8.008490e-001	-9.132571e-001	1.831475e+000	1.822462e+000	-2.025050e-002	-8.518275e-001
8.182028085715406e-003	-9.010122e-001	-8.286590e-001	-9.494196e-001	1.895075e+000	1.886396e+000	-1.325480e-002	-9.093226e-001
8.201559335715406e-003	-9.222798e-001	-8.441195e-001	-9.714185e-001	1.930432e+000	1.921947e+000	-6.099582e-003	-9.531407e-001
8.221090585715405e-003	-9.297909e-001	-8.469977e-001	-9.789226e-001	1.937014e+000	1.928579e+000	1.107626e-003	-9.826227e-001
8.230856210715405e-003	-9.283441e-001	-8.436974e-001	-9.771951e-001	1.929466e+000	1.921003e+000	4.696871e-003	-9.918405e-001
8.250387460715405e-003	-9.150733e-001	-8.276798e-001	-9.628133e-001	1.892835e+000	1.884207e+000	1.177922e-002	-9.990561e-001
8.269918710715404e-003	-8.881536e-001	-7.993262e-001	-9.340652e-001	1.827993e+000	1.819059e+000	1.864492e-002	-9.912450e-001
8.289449960715404e-003	-8.479894e-001	-7.590628e-001	-8.913829e-001	1.735914e+000	1.726542e+000	2.519080e-002	-9.685246e-001
8.299215585715404e-003	-8.231218e-001	-7.346473e-001	-8.650091e-001	1.680078e+000	1.670438e+000	2.831286e-002	-9.516717e-001
8.308981210715404e-003	-7.951847e-001	-7.074949e-001	-8.354082e-001	1.617982e+000	1.608044e+000	3.131853e-002	-9.312368e-001
8.328512460715403e-003	-7.305333e-001	-6.453978e-001	-7.669823e-001	1.475971e+000	1.465350e+000	3.693604e-002	-8.799423e-001
8.348043710715403e-003	-6.550073e-001	-5.737051e-001	-6.871344e-001	1.312016e+000	1.300604e+000	4.195896e-002	-8.154126e-001
8.367574960715402e-003	-5.697424e-001	-4.934950e-001	-5.970651e-001	1.128582e+000	1.116286e+000	4.631182e-002	-7.386184e-001
8.387106210715402e-003	-4.760206e-001	-4.059734e-001	-4.981286e-001	9.284276e-001	9.151679e-001	4.992928e-002	-6.507146e-001
8.406637460715401e-003	-3.752514e-001	-3.124565e-001	-3.918129e-001	7.145622e-001	7.002741e-001	5.275701e-002	-5.530235e-001
8.426168710715401e-003	-2.689501e-001	-2.143505e-001	-2.797166e-001	4.902019e-001	4.748371e-001	5.475261e-002	-4.470145e-001
8.445699960715401e-003	-1.587152e-001	-1.131307e-001	-1.635255e-001	2.587206e-001	2.422478e-001	5.588616e-002	-3.342819e-001
8.465231210715400e-003	-4.620442e-002	-1.031921e-002	-4.498691e-002	2.359925e-002	6.004546e-003	5.614071e-002	-2.165213e-001
8.484762460715400e-003	6.689030e-002	9.253788e-002	7.411665e-002	-2.116264e-001	-2.303393e-001	5.551254e-002	-9.550413e-002
8.504293710715399e-003	1.788682e-001	1.938938e-001	1.919940e-001	-4.434191e-001	-4.632288e-001	5.401120e-002	2.694952e-002
8.523824960715399e-003	2.880454e-001	2.922245e-001	3.068726e-001	-6.682932e-001	-6.891612e-001	5.165939e-002	1.489978e-001
8.543356210715399e-003	3.927801e-001	3.860512e-001	4.170247e-001	-8.828671e-001	-9.047381e-001	4.849257e-002	2.688051e-001
8.562887460715398e-003	4.914973e-001	4.739630e-001	5.207940e-001	-1.083914e+000	-1.106717e+000	4.455848e-002	3.845693e-001
8.582418710715398e-003	5.827124e-001	5.546380e-001	6.166200e-001	-1.268411e+000	-1.292060e+000	3.991641e-002	4.945492e-001
8.601949960715397e-003	6.650540e-001	6.268630e-001	7.030616e-001	-1.433584e+000	-1.457979e+000	3.463626e-002	5.970905e-001
8.621481210715397e-003	7.372837e-001	6.895520e-001	7.788191e-001	-1.576948e+000	-1.601979e+000	2.879757e-002	6.906512e-001
8.641012460715396e-003	7.983155e-001	7.417625e-001	8.427533e-001	-1.696349e+000	-1.721894e+000	2.248826e-002	7.738237e-001
8.660543710715396e-003	8.472318e-001	7.827094e-001	8.939029e-001	-1.789992e+000	-1.815920e+000	1.580333e-002	8.453573e-001
8.680074960715396e-003	8.832971e-001	8.117772e-001	9.314988e-001	-1.856467e+000	-1.882642e+000	8.843423e-003	9.041759e-001
8.689840585715395e-003	8.963334e-001	8.217128e-001	9.450294e-001	-1.879189e+000	-1.905435e+000	5.292981e-003	9.285328e-001
8.699606210715395e-003	9.059693e-001	8.285291e-001	9.549760e-001	-1.894777e+000	-1.921058e+000	1.713329e-003	9.493948e-001
8.719137460715395e-003	9.149076e-001	8.327132e-001	9.639815e-001	-1.904346e+000	-1.930589e+000	-5.479607e-003	9.803340e-001
8.738668710715394e-003	9.099780e-001	8.242671e-001	9.583803e-001	-1.885031e+000	-1.911092e+000	-1.262709e-002	9.965280e-001
8.758199960715394e-003	8.912549e-001	8.033180e-001	9.382570e-001	-1.837122e+000	-1.862860e+000	-1.962153e-002	9.977334e-001
8.767965585715394e-003	8.768009e-001	7.882462e-001	9.228357e-001	-1.802654e+000	-1.828179e+000	-2.302831e-002	9.927008e-001
8.787496835715393e-003	8.379799e-001	7.491916e-001	8.815643e-001	-1.713339e+000	-1.738338e+000	-2.959687e-002	9.714596e-001
8.807028085715393e-003	7.864492e-001	6.987641e-001	8.269269e-001	-1.598016e+000	-1.622360e+000	-3.575689e-002	9.356068e-001
8.826559335715392e-003	7.229840e-001	6.377225e-001	7.597455e-001	-1.458419e+000	-1.481990e+000	-4.141560e-002	8.856816e-001
8.846090585715392e-003	6.485393e-001	5.669850e-001	6.810311e-001	-1.296648e+000	-1.319339e+000	-4.648780e-002	8.224350e-001
8.865621835715392e-003	5.642351e-001	4.876161e-001	5.919678e-001	-1.115138e+000	-1.136853e+000	-5.089711e-002	7.468182e-001
8.885153085715391e-003	4.713397e-001	4.008098e-001	4.938955e-001	-9.166189e-001	-9.372784e-001	-5.457708e-002	6.599685e-001
8.904684335715391e-003	3.712507e-001	3.078720e-001	3.882897e-001	-7.040778e-001	-7.236154e-001	-5.747228e-002	5.631922e-001
8.924215585715390e-003	2.654737e-001	2.102010e-001	2.767390e-001	-4.807122e-001	-4.990780e-001	-5.953907e-002	4.579451e-001
8.943746835715390e-003	1.556002e-001	1.092660e-001	1.609216e-001	-2.498823e-001	-2.670436e-001	-6.074626e-002	3.458100e-001
8.963278085715390e-003	4.328293e-002	6.585570e-003	4.257986e-002	-1.506070e-002	-3.100207e-002	-6.107558e-002	2.284736e-001
8.982809335715389e-003	-6.978837e-002	-9.629560e-002	-7.650605e-002	2.202200e-001	2.054963e-001	-6.052200e-002	1.077008e-001
9.002340585715389e-003	-1.819127e-001	-1.978298e-001	-1.945446e-001	4.524203e-001	4.388944e-001	-5.909373e-002	-1.469197e-002
9.021871835715388e-003	-2.914034e-001	-2.964895e-001	-3.097601e-001	6.780470e-001	6.656817e-001	-5.681216e-002	-1.368637e-001
9.041403085715388e-003	-3.966132e-001	-3.907906e-001	-4.204193e-001	8.937057e-001	8.824472e-001	-5.371152e-002	-2.569770e-001
9.060934335715387e-003	-4.959594e-001	-4.793143e-001	-5.248575e-001	1.096152e+000	1.085930e+000	-4.983834e-002	-3.732250e-001
9.080465585715387e-003	-5.879475e-001	-5.607288e-001	-6.215035e-001	1.282341e+000	1.273071e+000	-4.525078e-002	-4.838594e-001
9.099996835715387e-003	-6.711935e-001	-6.338094e-001	-7.089034e-001	1.449470e+000	1.441054e+000	-4.001774e-002	-5.872161e-001
9.119528085715386e-003	-7.444450e-001	-6.974566e-001	-7.857422e-001	1.595026e+000	1.587353e+000	-3.421785e-002	-6.817405e-001
9.139059335715386e-003	-8.066001e-001	-7.507127e-001	-8.508641e-001	1.716818e+000	1.709768e+000	-2.793822e-002	-7.660109e-001
9.158590585715385e-003	-8.567234e-001	-7.927763e-001	-9.032891e-001	1.813014e+000	1.806457e+000	-2.127324e-002	-8.387598e-001
9.178121835715385e-003	-8.940610e-001	-8.230147e-001	-9.422286e-001	1.882167e+000	1.875966e+000	-1.432303e-002	-8.988930e-001
9.197653085715385e-003	-9.180507e-001	-8.409725e-001	-9.670963e-001	1.923235e+000	1.917249e+000	-7.192056e-003	-9.455060e-001
9.217184335715384e-003	-9.283316e-001	-8.463795e-001	-9.775182e-001	1.935600e+000	1.929687e+000	1.253176e-005	-9.778976e-001
9.226949960715384e-003	-9.282746e-001	-8.443435e-001	-9.772542e-001	1.930944e+000	1.925012e+000	3.608595e-003	-9.885997e-001
9.246481210715384e-003	-9.177669e-001	-8.308307e-001	-9.657813e-001	1.900041e+000	1.893966e+000	1.072070e-002	-9.988149e-001
9.266012460715383e-003	-8.935537e-001	-8.049187e-001	-9.398816e-001	1.840783e+000	1.834424e+000	1.763722e-002	-9.940070e-001
9.285543710715383e-003	-8.559991e-001	-7.669972e-001	-8.999441e-001	1.754059e+000	1.747281e+000	2.425424e-002	-9.742483e-001
9.295309335715382e-003	-8.323876e-001	-7.437041e-001	-8.748909e-001	1.700790e+000	1.693753e+000	2.741913e-002	-9.588466e-001
9.305074960715382e-003	-8.056677e-001	-7.176362e-001	-8.465694e-001	1.641175e+000	1.633848e+000	3.047231e-002	-9.398360e-001
9.324606210715382e-003	-7.433161e-001	-6.575778e-001	-7.805600e-001	1.503826e+000	1.495832e+000	3.619800e-002	-8.912877e-001
9.344137460715381e-003	-6.698819e-001	-5.877252e-001	-7.029085e-001	1.344079e+000	1.335308e+000	4.134529e-002	-8.293335e-001
9.363668710715381e-003	-5.864694e-001	-5.091286e-001	-6.147824e-001	1.164335e+000	1.154691e+000	4.583685e-002	-7.549055e-001
9.383199960715381e-003	-4.943327e-001	-4.229700e-001	-5.175071e-001	9.672974e-001	9.566976e-001	4.960523e-002	-6.691229e-001
9.402731210715380e-003	-3.948576e-001	-3.305449e-001	-4.125452e-001	7.559289e-001	7.443056e-001	5.259382e-002	-5.732762e-001
9.422262460715380e-003	-2.895398e-001	-2.332433e-001	-3.014753e-001	5.334082e-001	5.207098e-001	5.475777e-002	-4.688068e-001
9.441793710715379e-003	-1.799633e-001	-1.325283e-001	-1.859677e-001	3.030814e-001	2.892732e-001	5.606463e-002	-3.572861e-001
9.461324960715379e-003	-6.777574e-002	-2.991463e-002	-6.775948e-002	6.841236e-002	5.347693e-002	5.649484e-002	-2.403915e-001
9.480856210715379e-003	4.533564e-002	7.305471e-002	5.137180e-002	-1.670700e-001	-1.831324e-001	5.604200e-002	-1.198812e-001
9.500387460715378e-003	1.576699e-001	1.748312e-001	1.696345e-001	-3.998244e-001	-4.169961e-001	5.471303e-002	2.432195e-003
9.519918710715378e-003	2.675376e-001	2.738843e-001	2.852502e-001	-6.263508e-001	-6.445963e-001	5.252801e-002	1.247090e-001
9.539449960715377e-003	3.732865e-001	3.687245e-001	3.964801e-001	-8.432424e-001	-8.625100e-001	4.951989e-002	2.451101e-001
9.558981210715377e-003	4.733265e-001	4.579255e-001	5.016515e-001	-1.047238e+000	-1.067459e+000	4.573401e-002	3.618245e-001
9.578512460715376e-003	5.661530e-001	5.401460e-001	5.991828e-001	-1.235269e+000	-1.256362e+000	4.122740e-002	4.730968e-001
9.598043710715376e-003	6.503702e-001	6.141496e-001	6.876075e-001	-1.404509e+000	-1.426376e+000	3.606794e-002	5.772532e-001
9.617574960715376e-003	7.247117e-001	6.788234e-001	7.655957e-001	-1.552413e+000	-1.574944e+000	3.033332e-002	6.727272e-001
9.637106210715375e-003	7.880595e-001	7.331949e-001	8.319746e-001	-1.676756e+000	-1.699833e+000	2.410988e-002	7.580827e-001
9.646871835715375e-003	8.153062e-001	7.562555e-001	8.604916e-001	-1.729494e+000	-1.752795e+000	2.084388e-002	7.965584e-001
9.666403085715375e-003	8.604331e-001	7.936927e-001	9.076440e-001	-1.815109e+000	-1.838761e+000	1.406481e-002	8.643821e-001
9.685934335715374e-003	8.925257e-001	8.191006e-001	9.410515e-001	-1.873215e+000	-1.897078e+000	7.041846e-003	9.192046e-001
9.695699960715374e-003	9.035255e-001	8.271670e-001	9.524356e-001	-1.891663e+000	-1.915578e+000	3.471838e-003	9.414747e-001
9.705465585715374e-003	9.111015e-001	8.320974e-001	9.602117e-001	-1.902938e+000	-1.926870e+000	-1.193000e-004	9.602014e-001
9.724996835715373e-003	9.158814e-001	8.324878e-001	9.648368e-001	-1.903831e+000	-1.927688e+000	-7.310825e-003	9.867558e-001
9.744528085715373e-003	9.067938e-001	8.202661e-001	9.548574e-001	-1.875881e+000	-1.899521e+000	-1.442447e-002	9.984686e-001
9.764059335715372e-003	8.839756e-001	7.956166e-001	9.304240e-001	-1.819509e+000	-1.842791e+000	-2.135316e-002	9.951635e-001
9.773824960715372e-003	8.675170e-001	7.787402e-001	9.128936e-001	-1.780914e+000	-1.803966e+000	-2.471540e-002	9.878860e-001
9.793356210715372e-003	8.248103e-001	7.362015e-001	8.675352e-001	-1.683632e+000	-1.706123e+000	-3.117237e-002	9.622177e-001
9.812887460715371e-003	7.696067e-001	6.824999e-001	8.090367e-001	-1.560821e+000	-1.582628e+000	-3.719227e-002	9.220767e-001
9.832418710715371e-003	7.027370e-001	6.184435e-001	7.382785e-001	-1.414329e+000	-1.435336e+000	-4.268444e-002	8.680669e-001
9.851949960715371e-003	6.252071e-001	5.449961e-001	6.563250e-001	-1.246361e+000	-1.266464e+000	-4.756621e-002	8.010005e-001
9.871481210715370e-003	5.381835e-001	4.632625e-001	5.644091e-001	-1.059443e+000	-1.078552e+000	-5.176404e-002	7.218864e-001
9.891012460715370e-003	4.429754e-001	3.744725e-001	4.639136e-001	-8.563876e-001	-8.744251e-001	-5.521473e-002	6.319144e-001
9.910543710715369e-003	3.410149e-001	2.799617e-001	3.563504e-001	-6.402493e-001	-6.571544e-001	-5.786627e-002	5.324378e-001
9.930074960715369e-003	2.338361e-001	1.811519e-001	2.433375e-001	-4.142795e-001	-4.300076e-001	-5.967871e-002	4.249528e-001
9.949606210715369e-003	1.230511e-001	7.952967e-002	1.265750e-001	-1.818778e-001	-1.964012e-001	-6.062469e-002	3.110762e-001
9.969137460715368e-003	1.032662e-002	-2.337632e-002	7.819460e-003	5.345966e-002	4.015111e-002	-6.068990e-002	1.925207e-001
9.988668710715368e-003	-1.026416e-001	-1.260180e-001	-1.111427e-001	2.881927e-001	2.760914e-001	-5.987328e-002	7.106952e-002
9.998434335715368e-003	-1.588087e-001	-1.768936e-001	-1.702738e-001	4.045409e-001	3.930368e-001	-5.918266e-002	9.833125e-003
1.000000000000000e-002	-1.677749e-001	-1.850043e-001	-1.797121e-001	4.230895e-001	4.116805e-001	-5.905315e-002	-4.656134e-015
